10011111111111111111111111111111111111
11110111111111111111111111111111111111
11111101111111111111111111111111111111
11001110011111111111111111111111111111
11111000111011111111111111111111111111
11011111011110111111111111111111111111
11011111101011100000111111111000000111
11111111111110000000011111000000000111
11111111111100000000000000000000000011
11111111101100000000000000000000000011
11111111101100000000000000000000000001
11111101101100000000000000000001110001
11111101101100000000000000000001111001
11111101111100000000000000000001101111
11111101101100000000000000000001001111
11111111101100000011000000000111111111
11111101111100000011110110000111111111
11100101101100000011111110001111111111
01111111001110000011111110001111111111
11111001111100010011111100011111111111
11111111110011111000011101011111111111
00111111111111100011110000011111111111
10000000111111111111100111100001111111
00000000000000011111111111000000000011
10000000000000000000011111111111000011
10000000000000000000000000011111111111
00000000000000000000000000000000001111
00000000000000000000000000000000000111
00000000000000000000000000000001111111
00011000000000000000000000011111111111
00011000000000000000000000011111111111
00011011001101111011000110011111111111
00011011001101111011100110011111111111
00011011001100011011110110011111111111
00011011001101111011111110001111111111
11011011001101001011111110001111111111
11011011111101001011011110001111111111
11111011111101111011001110101111111111
00000000000000000000000000001111111111
11111111111100000100111000001111111111