0.000000e+00	0.000000e+00
-9.960871e-01	-2.262509e-02

-1.512333e-12	-3.435107e-14
-4.108551e-01	-8.675938e+01

-3.024667e-12	-6.910113e-14
1.743769e-01	-1.734961e+02

-4.537002e-12	-1.039510e-13
7.596089e-01	-2.602329e+02

-6.049336e-12	-1.388452e-13
1.344841e+00	-3.469696e+02

-7.561671e-12	-1.737643e-13
1.930073e+00	-4.337064e+02

-9.074005e-12	-2.086994e-13
2.515305e+00	-5.204431e+02

-1.058634e-11	-2.436456e-13
3.100537e+00	-6.071799e+02

-1.209867e-11	-2.785999e-13
3.685769e+00	-6.939167e+02

-1.361101e-11	-3.135605e-13
4.271001e+00	-7.806534e+02

-1.512334e-11	-3.485260e-13
4.856233e+00	-8.673902e+02

-1.663568e-11	-3.834955e-13
5.441465e+00	-9.541269e+02

-1.814801e-11	-4.184682e-13
6.026697e+00	-1.040864e+03

-1.966034e-11	-4.534438e-13
6.611929e+00	-1.127600e+03

-2.117268e-11	-4.884217e-13
7.197161e+00	-1.214337e+03

-2.268501e-11	-5.234017e-13
7.782393e+00	-1.301074e+03

-2.419735e-11	-5.583834e-13
8.367625e+00	-1.387811e+03

-2.570968e-11	-5.933667e-13
8.952857e+00	-1.474547e+03

-2.722201e-11	-6.283514e-13
9.538089e+00	-1.561284e+03

-2.873435e-11	-6.633373e-13
1.012332e+01	-1.648021e+03

-3.024668e-11	-6.983243e-13
1.070855e+01	-1.734758e+03

-3.175902e-11	-7.333123e-13
1.129379e+01	-1.821494e+03

-3.327135e-11	-7.683012e-13
1.187902e+01	-1.908231e+03

-3.478368e-11	-8.032909e-13
1.246425e+01	-1.994968e+03

-3.629602e-11	-8.382814e-13
1.304948e+01	-2.081705e+03

-3.780835e-11	-8.732726e-13
1.363471e+01	-2.168441e+03

-3.932069e-11	-9.082645e-13
1.421995e+01	-2.255178e+03

-4.083302e-11	-9.432569e-13
1.480518e+01	-2.341915e+03

-4.234535e-11	-9.782498e-13
1.539041e+01	-2.428652e+03

-4.385769e-11	-1.013243e-12
1.597564e+01	-2.515388e+03

-4.537002e-11	-1.048237e-12
1.656087e+01	-2.602125e+03

-4.688235e-11	-1.083232e-12
1.714611e+01	-2.688862e+03

-4.839469e-11	-1.118226e-12
1.773134e+01	-2.775599e+03

-4.990702e-11	-1.153222e-12
1.831657e+01	-2.862335e+03

-5.141936e-11	-1.188217e-12
1.890180e+01	-2.949072e+03

-5.293169e-11	-1.223213e-12
1.948703e+01	-3.035809e+03

-5.444402e-11	-1.258209e-12
2.007227e+01	-3.122546e+03

-5.595636e-11	-1.293206e-12
2.065750e+01	-3.209282e+03

-5.746869e-11	-1.328203e-12
2.124273e+01	-3.296019e+03

-5.898103e-11	-1.363200e-12
2.182796e+01	-3.382756e+03

-6.049336e-11	-1.398197e-12
2.241319e+01	-3.469493e+03

-6.200569e-11	-1.433195e-12
2.299843e+01	-3.556230e+03

-6.351803e-11	-1.468193e-12
2.358366e+01	-3.642966e+03

-6.503036e-11	-1.503191e-12
2.416889e+01	-3.729703e+03

-6.654270e-11	-1.538189e-12
2.475412e+01	-3.816440e+03

-6.805503e-11	-1.573188e-12
2.533935e+01	-3.903177e+03

-6.956736e-11	-1.608186e-12
2.592459e+01	-3.989913e+03

-7.107970e-11	-1.643185e-12
2.650982e+01	-4.076650e+03

-7.259203e-11	-1.678184e-12
2.709505e+01	-4.163387e+03

-7.410436e-11	-1.713183e-12
2.768028e+01	-4.250124e+03

-7.561670e-11	-1.748183e-12
2.826551e+01	-4.336860e+03

-7.712903e-11	-1.783182e-12
2.885075e+01	-4.423597e+03

-7.864137e-11	-1.818182e-12
2.943598e+01	-4.510334e+03

-8.015370e-11	-1.853182e-12
3.002121e+01	-4.597071e+03

-8.166603e-11	-1.888182e-12
3.060644e+01	-4.683807e+03

-8.317837e-11	-1.923182e-12
3.119167e+01	-4.770544e+03

-8.469070e-11	-1.958183e-12
3.177691e+01	-4.857281e+03

-8.620304e-11	-1.993183e-12
3.236214e+01	-4.944018e+03

-8.771537e-11	-2.028183e-12
3.294737e+01	-5.030754e+03

-8.922770e-11	-2.063184e-12
3.353260e+01	-5.117491e+03

-9.074004e-11	-2.098185e-12
3.411783e+01	-5.204228e+03

-9.225237e-11	-2.133186e-12
3.470307e+01	-5.290965e+03

-9.376470e-11	-2.168187e-12
3.528830e+01	-5.377701e+03

-9.527704e-11	-2.203188e-12
3.587353e+01	-5.464438e+03

-9.678937e-11	-2.238189e-12
3.645876e+01	-5.551175e+03

-9.830171e-11	-2.273190e-12
3.704399e+01	-5.637912e+03

-9.981404e-11	-2.308192e-12
3.762923e+01	-5.724648e+03

-1.013264e-10	-2.343193e-12
3.821446e+01	-5.811385e+03

-1.028387e-10	-2.378195e-12
3.879969e+01	-5.898122e+03

-1.043510e-10	-2.413196e-12
3.938492e+01	-5.984859e+03

-1.058634e-10	-2.448198e-12
3.997015e+01	-6.071595e+03

-1.073757e-10	-2.483200e-12
4.055539e+01	-6.158332e+03

-1.088880e-10	-2.518202e-12
4.114062e+01	-6.245069e+03

-1.104004e-10	-2.553204e-12
4.172585e+01	-6.331806e+03

-1.119127e-10	-2.588206e-12
4.231108e+01	-6.418542e+03

-1.134250e-10	-2.623208e-12
4.289631e+01	-6.505279e+03

-1.149374e-10	-2.658210e-12
4.348155e+01	-6.592016e+03

-1.164497e-10	-2.693212e-12
4.406678e+01	-6.678753e+03

-1.179620e-10	-2.728215e-12
4.465201e+01	-6.765489e+03

-1.194744e-10	-2.763217e-12
4.523724e+01	-6.852226e+03

-1.209867e-10	-2.798220e-12
4.582247e+01	-6.938963e+03

-1.224990e-10	-2.833222e-12
4.640771e+01	-7.025700e+03

-1.240114e-10	-2.868225e-12
4.699294e+01	-7.112436e+03

-1.255237e-10	-2.903227e-12
4.757817e+01	-7.199173e+03

-1.270360e-10	-2.938230e-12
4.816340e+01	-7.285910e+03

-1.285484e-10	-2.973233e-12
4.874863e+01	-7.372647e+03

-1.300607e-10	-3.008236e-12
4.933387e+01	-7.459383e+03

-1.315731e-10	-3.043238e-12
4.991910e+01	-7.546120e+03

-1.330854e-10	-3.078241e-12
5.050433e+01	-7.632857e+03

-1.345977e-10	-3.113244e-12
5.108956e+01	-7.719594e+03

-1.361101e-10	-3.148247e-12
5.167479e+01	-7.806330e+03

-1.376224e-10	-3.183250e-12
5.226003e+01	-7.893067e+03

-1.391347e-10	-3.218254e-12
5.284526e+01	-7.979804e+03

-1.406471e-10	-3.253257e-12
5.343049e+01	-8.066541e+03

-1.421594e-10	-3.288260e-12
5.401572e+01	-8.153277e+03

-1.436717e-10	-3.323263e-12
5.460095e+01	-8.240014e+03

-1.451841e-10	-3.358266e-12
5.518619e+01	-8.326751e+03

-1.466964e-10	-3.393270e-12
5.577142e+01	-8.413488e+03

-1.482087e-10	-3.428273e-12
5.635665e+01	-8.500224e+03

-1.497211e-10	-3.463277e-12
5.694188e+01	-8.586961e+03

