0.000000,	0.000000
0.011733,	0.011733
1.000000,	0.000000

0.000000,	0.000000
0.030763,	0.024039
0.999996,	0.002659

0.000000,	0.000000
0.045555,	0.032901
0.999986,	0.005321

0.000000,	0.000000
0.058462,	0.040389
0.999968,	0.007982

0.000000,	0.000000
0.070199,	0.047067
0.999943,	0.010644

0.000000,	0.000000
0.081110,	0.053189
0.999911,	0.013305

0.000000,	0.000000
0.091393,	0.058899
0.999873,	0.015967

0.000000,	0.000000
0.101173,	0.064284
0.999826,	0.018628

0.000000,	0.000000
0.110540,	0.069407
0.999773,	0.021289

0.000000,	0.000000
0.119556,	0.074310
0.999713,	0.023950

0.000000,	0.000000
0.128272,	0.079025
0.999646,	0.026611

0.000000,	0.000000
0.136723,	0.083578
0.999571,	0.029272

0.000000,	0.000000
0.144942,	0.087988
0.999490,	0.031932

0.000000,	0.000000
0.152951,	0.092271
0.999401,	0.034593

0.000000,	0.000000
0.160772,	0.096440
0.999306,	0.037253

0.000000,	0.000000
0.168422,	0.100507
0.999203,	0.039912

0.000000,	0.000000
0.175915,	0.104480
0.999093,	0.042572

0.000000,	0.000000
0.183264,	0.108367
0.998977,	0.045231

0.000000,	0.000000
0.190480,	0.112175
0.998853,	0.047890

0.000000,	0.000000
0.197573,	0.115911
0.998722,	0.050548

0.000000,	0.000000
0.204550,	0.119579
0.998584,	0.053206

0.000000,	0.000000
0.211419,	0.123183
0.998438,	0.055864

0.000000,	0.000000
0.218187,	0.126729
0.998286,	0.058521

0.000000,	0.000000
0.224860,	0.130219
0.998127,	0.061178

0.000000,	0.000000
0.231443,	0.133657
0.997960,	0.063835

0.000000,	0.000000
0.237941,	0.137047
0.997787,	0.066491

0.000000,	0.000000
0.244359,	0.140389
0.997607,	0.069146

0.000000,	0.000000
0.250700,	0.143688
0.997419,	0.071801

0.000000,	0.000000
0.256969,	0.146944
0.997224,	0.074456

0.000000,	0.000000
0.263168,	0.150161
0.997023,	0.077110

0.000000,	0.000000
0.269300,	0.153340
0.996814,	0.079764

0.000000,	0.000000
0.275370,	0.156483
0.996598,	0.082416

0.000000,	0.000000
0.281379,	0.159592
0.996375,	0.085069

0.000000,	0.000000
0.287330,	0.162667
0.996145,	0.087721

0.000000,	0.000000
0.293224,	0.165710
0.995908,	0.090372

0.000000,	0.000000
0.299066,	0.168723
0.995664,	0.093022

0.000000,	0.000000
0.304855,	0.171707
0.995413,	0.095672

0.000000,	0.000000
0.310595,	0.174663
0.995155,	0.098321

0.000000,	0.000000
0.316287,	0.177591
0.994890,	0.100970

0.000000,	0.000000
0.321932,	0.180494
0.994617,	0.103617

0.000000,	0.000000
0.327533,	0.183371
0.994338,	0.106264

0.000000,	0.000000
0.333090,	0.186224
0.994052,	0.108911

0.000000,	0.000000
0.338606,	0.189053
0.993758,	0.111556

0.000000,	0.000000
0.344081,	0.191860
0.993458,	0.114201

0.000000,	0.000000
0.349517,	0.194644
0.993150,	0.116845

0.000000,	0.000000
0.354915,	0.197407
0.992836,	0.119488

0.000000,	0.000000
0.360276,	0.200150
0.992514,	0.122130

0.000000,	0.000000
0.365600,	0.202872
0.992186,	0.124771

0.000000,	0.000000
0.370890,	0.205575
0.991850,	0.127412

0.000000,	0.000000
0.376146,	0.208259
0.991507,	0.130051

0.000000,	0.000000
0.381370,	0.210925
0.991158,	0.132690

0.000000,	0.000000
0.386561,	0.213572
0.990801,	0.135328

0.000000,	0.000000
0.391720,	0.216202
0.990437,	0.137964

0.000000,	0.000000
0.396850,	0.218816
0.990066,	0.140600

0.000000,	0.000000
0.401949,	0.221412
0.989689,	0.143235

0.000000,	0.000000
0.407020,	0.223993
0.989304,	0.145869

0.000000,	0.000000
0.412063,	0.226558
0.988912,	0.148501

0.000000,	0.000000
0.417077,	0.229107
0.988513,	0.151133

0.000000,	0.000000
0.422066,	0.231642
0.988108,	0.153763

0.000000,	0.000000
0.427027,	0.234162
0.987695,	0.156393

0.000000,	0.000000
0.431963,	0.236668
0.987275,	0.159021

0.000000,	0.000000
0.436874,	0.239160
0.986848,	0.161649

0.000000,	0.000000
0.441761,	0.241638
0.986415,	0.164275

0.000000,	0.000000
0.446623,	0.244103
0.985974,	0.166900

0.000000,	0.000000
0.451462,	0.246555
0.985526,	0.169523

0.000000,	0.000000
0.456278,	0.248994
0.985071,	0.172146

0.000000,	0.000000
0.461072,	0.251420
0.984610,	0.174767

0.000000,	0.000000
0.465844,	0.253835
0.984141,	0.177388

0.000000,	0.000000
0.470593,	0.256237
0.983665,	0.180006

0.000000,	0.000000
0.475322,	0.258628
0.983183,	0.182624

0.000000,	0.000000
0.480030,	0.261007
0.982693,	0.185240

0.000000,	0.000000
0.484718,	0.263375
0.982197,	0.187855

0.000000,	0.000000
0.489386,	0.265732
0.981693,	0.190469

0.000000,	0.000000
0.494034,	0.268078
0.981183,	0.193081

0.000000,	0.000000
0.498663,	0.270414
0.980665,	0.195692

0.000000,	0.000000
0.503274,	0.272738
0.980141,	0.198302

0.000000,	0.000000
0.507866,	0.275053
0.979610,	0.200910

0.000000,	0.000000
0.512439,	0.277358
0.979072,	0.203516

0.000000,	0.000000
0.516995,	0.279653
0.978526,	0.206122

0.000000,	0.000000
0.521534,	0.281938
0.977974,	0.208726

0.000000,	0.000000
0.526055,	0.284213
0.977415,	0.211328

0.000000,	0.000000
0.530560,	0.286479
0.976849,	0.213929

0.000000,	0.000000
0.535048,	0.288736
0.976276,	0.216528

0.000000,	0.000000
0.539519,	0.290984
0.975697,	0.219126

0.000000,	0.000000
0.543975,	0.293222
0.975110,	0.221722

0.000000,	0.000000
0.548415,	0.295452
0.974516,	0.224317

0.000000,	0.000000
0.552840,	0.297674
0.973916,	0.226910

0.000000,	0.000000
0.557249,	0.299887
0.973308,	0.229501

0.000000,	0.000000
0.561643,	0.302091
0.972694,	0.232091

0.000000,	0.000000
0.566023,	0.304287
0.972073,	0.234679

0.000000,	0.000000
0.570388,	0.306475
0.971445,	0.237266

0.000000,	0.000000
0.574739,	0.308655
0.970810,	0.239851

0.000000,	0.000000
0.579076,	0.310828
0.970168,	0.242434

0.000000,	0.000000
0.583399,	0.312992
0.969519,	0.245015

0.000000,	0.000000
0.587709,	0.315149
0.968864,	0.247595

0.000000,	0.000000
0.592005,	0.317298
0.968201,	0.250173

0.000000,	0.000000
0.596288,	0.319440
0.967532,	0.252749

0.000000,	0.000000
0.600559,	0.321574
0.966856,	0.255323

0.000000,	0.000000
0.604816,	0.323701
0.966173,	0.257896

0.000000,	0.000000
0.609061,	0.325821
0.965483,	0.260467

0.000000,	0.000000
0.613294,	0.327934
0.964786,	0.263036

0.000000,	0.000000
0.617514,	0.330040
0.964083,	0.265603

0.000000,	0.000000
0.621723,	0.332139
0.963372,	0.268168

0.000000,	0.000000
0.625920,	0.334232
0.962655,	0.270731

0.000000,	0.000000
0.630105,	0.336317
0.961931,	0.273292

0.000000,	0.000000
0.634279,	0.338396
0.961200,	0.275852

0.000000,	0.000000
0.638442,	0.340469
0.960463,	0.278409

0.000000,	0.000000
0.642594,	0.342535
0.959718,	0.280965

0.000000,	0.000000
0.646735,	0.344594
0.958967,	0.283518

0.000000,	0.000000
0.650865,	0.346648
0.958209,	0.286070

0.000000,	0.000000
0.654984,	0.348695
0.957444,	0.288619

0.000000,	0.000000
0.659094,	0.350736
0.956672,	0.291167

0.000000,	0.000000
0.663193,	0.352771
0.955894,	0.293712

0.000000,	0.000000
0.667282,	0.354799
0.955109,	0.296255

0.000000,	0.000000
0.671361,	0.356822
0.954317,	0.298796

0.000000,	0.000000
0.675430,	0.358839
0.953518,	0.301335

0.000000,	0.000000
0.679490,	0.360850
0.952713,	0.303872

0.000000,	0.000000
0.683541,	0.362856
0.951901,	0.306407

0.000000,	0.000000
0.687582,	0.364855
0.951082,	0.308940

0.000000,	0.000000
0.691615,	0.366849
0.950256,	0.311470

0.000000,	0.000000
0.695638,	0.368837
0.949424,	0.313998

0.000000,	0.000000
0.699653,	0.370820
0.948584,	0.316524

0.000000,	0.000000
0.703659,	0.372797
0.947739,	0.319048

0.000000,	0.000000
0.707656,	0.374769
0.946886,	0.321569

0.000000,	0.000000
0.711646,	0.376735
0.946027,	0.324089

0.000000,	0.000000
0.715627,	0.378696
0.945161,	0.326605

0.000000,	0.000000
0.719600,	0.380652
0.944288,	0.329120

0.000000,	0.000000
0.723566,	0.382602
0.943409,	0.331632

0.000000,	0.000000
0.727524,	0.384547
0.942523,	0.334142

0.000000,	0.000000
0.731474,	0.386487
0.941630,	0.336650

0.000000,	0.000000
0.735417,	0.388421
0.940731,	0.339155

0.000000,	0.000000
0.739354,	0.390351
0.939825,	0.341658

0.000000,	0.000000
0.743283,	0.392275
0.938912,	0.344158

0.000000,	0.000000
0.747205,	0.394194
0.937992,	0.346656

0.000000,	0.000000
0.751121,	0.396108
0.937066,	0.349151

0.000000,	0.000000
0.755031,	0.398016
0.936134,	0.351644

0.000000,	0.000000
0.758935,	0.399920
0.935194,	0.354135

0.000000,	0.000000
0.762832,	0.401819
0.934249,	0.356623

0.000000,	0.000000
0.766724,	0.403712
0.933296,	0.359108

0.000000,	0.000000
0.770611,	0.405600
0.932337,	0.361591

0.000000,	0.000000
0.774492,	0.407484
0.931371,	0.364071

0.000000,	0.000000
0.778368,	0.409362
0.930399,	0.366549

0.000000,	0.000000
0.782240,	0.411235
0.929420,	0.369024

0.000000,	0.000000
0.786107,	0.413103
0.928434,	0.371497

0.000000,	0.000000
0.789970,	0.414965
0.927442,	0.373966

0.000000,	0.000000
0.793829,	0.416822
0.926444,	0.376434

0.000000,	0.000000
0.797685,	0.418674
0.925438,	0.378898

0.000000,	0.000000
0.801538,	0.420521
0.924427,	0.381360

0.000000,	0.000000
0.805388,	0.422361
0.923408,	0.383819

0.000000,	0.000000
0.809236,	0.424197
0.922383,	0.386276

0.000000,	0.000000
0.813083,	0.426026
0.921352,	0.388730

0.000000,	0.000000
0.816928,	0.427849
0.920314,	0.391181

0.000000,	0.000000
0.820772,	0.429666
0.919269,	0.393629

0.000000,	0.000000
0.824617,	0.431477
0.918219,	0.396074

0.000000,	0.000000
0.828463,	0.433281
0.917161,	0.398517

0.000000,	0.000000
0.832310,	0.435077
0.916097,	0.400957

0.000000,	0.000000
0.836160,	0.436866
0.915027,	0.403394

0.000000,	0.000000
0.840014,	0.438647
0.913950,	0.405828

0.000000,	0.000000
0.843874,	0.440419
0.912866,	0.408259

0.000000,	0.000000
0.847739,	0.442180
0.911776,	0.410687

0.000000,	0.000000
0.851614,	0.443931
0.910680,	0.413113

0.000000,	0.000000
0.855498,	0.445669
0.909577,	0.415535

0.000000,	0.000000
0.859396,	0.447393
0.908468,	0.417955

0.000000,	0.000000
0.863310,	0.449100
0.907352,	0.420371

0.000000,	0.000000
0.867243,	0.450786
0.906230,	0.422785

0.000000,	0.000000
0.871201,	0.452446
0.905102,	0.425195

0.000000,	0.000000
0.875187,	0.454075
0.903967,	0.427603

0.000000,	0.000000
0.879209,	0.455662
0.902825,	0.430008

0.000000,	0.000000
0.883273,	0.457192
0.901678,	0.432409

0.000000,	0.000000
0.887384,	0.458646
0.900523,	0.434808

0.000000,	0.000000
0.891544,	0.459994
0.899363,	0.437203

0.000000,	0.000000
0.895744,	0.461197
0.898196,	0.439595

0.000000,	0.000000
0.899957,	0.462218
0.897023,	0.441984

0.000000,	0.000000
0.904134,	0.463034
0.895843,	0.444370

0.000000,	0.000000
0.908222,	0.463661
0.894657,	0.446753

0.000000,	0.000000
0.912193,	0.464142
0.893465,	0.449133

0.000000,	0.000000
0.916041,	0.464524
0.892266,	0.451510

0.000000,	0.000000
0.919781,	0.464847
0.891061,	0.453883

0.000000,	0.000000
0.923430,	0.465133
0.889850,	0.456253

0.000000,	0.000000
0.927003,	0.465397
0.888632,	0.458620

0.000000,	0.000000
0.930515,	0.465648
0.887409,	0.460984

0.000000,	0.000000
0.933974,	0.465891
0.886178,	0.463344

0.000000,	0.000000
0.937390,	0.466130
0.884942,	0.465701

0.000000,	0.000000
0.940769,	0.466365
0.883699,	0.468055

0.000000,	0.000000
0.944116,	0.466598
0.882450,	0.470405

0.000000,	0.000000
0.947435,	0.466829
0.881195,	0.472753

0.000000,	0.000000
0.950728,	0.467060
0.879934,	0.475096

0.000000,	0.000000
0.953999,	0.467289
0.878666,	0.477437

0.000000,	0.000000
0.957249,	0.467518
0.877392,	0.479774

0.000000,	0.000000
0.960481,	0.467746
0.876112,	0.482107

0.000000,	0.000000
0.963695,	0.467974
0.874826,	0.484438

0.000000,	0.000000
0.966894,	0.468201
0.873533,	0.486765

0.000000,	0.000000
0.970078,	0.468427
0.872235,	0.489088

0.000000,	0.000000
0.973248,	0.468652
0.870930,	0.491408

0.000000,	0.000000
0.976404,	0.468876
0.869619,	0.493724

0.000000,	0.000000
0.979549,	0.469099
0.868301,	0.496037

0.000000,	0.000000
0.982681,	0.469321
0.866978,	0.498347

0.000000,	0.000000
0.985803,	0.469542
0.865648,	0.500652

0.000000,	0.000000
0.988914,	0.469762
0.864313,	0.502955

0.000000,	0.000000
0.992014,	0.469981
0.862971,	0.505253

0.000000,	0.000000
0.995104,	0.470199
0.861623,	0.507549

0.000000,	0.000000
0.998185,	0.470415
0.860269,	0.509840

0.000000,	0.000000
1.001257,	0.470630
0.858909,	0.512128

0.000000,	0.000000
1.004320,	0.470844
0.857543,	0.514413

0.000000,	0.000000
1.007374,	0.471056
0.856171,	0.516693

0.000000,	0.000000
1.010419,	0.471267
0.854792,	0.518970

0.000000,	0.000000
1.013457,	0.471477
0.853408,	0.521244

0.000000,	0.000000
1.016486,	0.471685
0.852018,	0.523513

0.000000,	0.000000
1.019507,	0.471891
0.850621,	0.525779

0.000000,	0.000000
1.022521,	0.472096
0.849219,	0.528041

0.000000,	0.000000
1.025528,	0.472300
0.847810,	0.530300

0.000000,	0.000000
1.028527,	0.472502
0.846396,	0.532555

0.000000,	0.000000
1.031518,	0.472702
0.844975,	0.534806

0.000000,	0.000000
1.034503,	0.472901
0.843549,	0.537053

0.000000,	0.000000
1.037481,	0.473099
0.842116,	0.539296

0.000000,	0.000000
1.040452,	0.473294
0.840678,	0.541536

0.000000,	0.000000
1.043416,	0.473489
0.839233,	0.543771

0.000000,	0.000000
1.046373,	0.473681
0.837783,	0.546003

0.000000,	0.000000
1.049325,	0.473872
0.836327,	0.548231

0.000000,	0.000000
1.052269,	0.474061
0.834865,	0.550455

0.000000,	0.000000
1.055207,	0.474249
0.833396,	0.552676

0.000000,	0.000000
1.058140,	0.474435
0.831922,	0.554892

0.000000,	0.000000
1.061065,	0.474619
0.830443,	0.557104

0.000000,	0.000000
1.063985,	0.474802
0.828957,	0.559313

0.000000,	0.000000
1.066899,	0.474983
0.827465,	0.561517

0.000000,	0.000000
1.069807,	0.475163
0.825968,	0.563718

0.000000,	0.000000
1.072709,	0.475341
0.824464,	0.565914

0.000000,	0.000000
1.075605,	0.475517
0.822955,	0.568107

0.000000,	0.000000
1.078495,	0.475692
0.821440,	0.570295

0.000000,	0.000000
1.081380,	0.475864
0.819919,	0.572479

0.000000,	0.000000
1.084259,	0.476036
0.818392,	0.574660

0.000000,	0.000000
1.087132,	0.476205
0.816860,	0.576836

0.000000,	0.000000
1.090000,	0.476373
0.815322,	0.579008

0.000000,	0.000000
1.092863,	0.476540
0.813778,	0.581176

0.000000,	0.000000
1.095720,	0.476705
0.812228,	0.583340

0.000000,	0.000000
1.098571,	0.476868
0.810672,	0.585500

0.000000,	0.000000
1.101417,	0.477029
0.809111,	0.587656

0.000000,	0.000000
1.104258,	0.477189
0.807544,	0.589807

0.000000,	0.000000
1.107094,	0.477347
0.805971,	0.591955

0.000000,	0.000000
1.109925,	0.477504
0.804393,	0.594098

0.000000,	0.000000
1.112750,	0.477659
0.802809,	0.596237

0.000000,	0.000000
1.115570,	0.477813
0.801219,	0.598372

0.000000,	0.000000
1.118385,	0.477964
0.799623,	0.600502

0.000000,	0.000000
1.121195,	0.478115
0.798022,	0.602628

0.000000,	0.000000
1.124000,	0.478263
0.796415,	0.604750

0.000000,	0.000000
1.126800,	0.478410
0.794803,	0.606868

0.000000,	0.000000
1.129596,	0.478556
0.793185,	0.608981

0.000000,	0.000000
1.132386,	0.478700
0.791561,	0.611090

0.000000,	0.000000
1.135171,	0.478842
0.789932,	0.613195

0.000000,	0.000000
1.137952,	0.478983
0.788297,	0.615295

0.000000,	0.000000
1.140727,	0.479122
0.786656,	0.617391

0.000000,	0.000000
1.143498,	0.479260
0.785010,	0.619483

0.000000,	0.000000
1.146264,	0.479396
0.783358,	0.621570

0.000000,	0.000000
1.149026,	0.479530
0.781701,	0.623653

0.000000,	0.000000
1.151782,	0.479663
0.780038,	0.625732

0.000000,	0.000000
1.154535,	0.479795
0.778370,	0.627806

0.000000,	0.000000
1.157282,	0.479924
0.776696,	0.629875

0.000000,	0.000000
1.160025,	0.480053
0.775017,	0.631940

0.000000,	0.000000
1.162763,	0.480180
0.773332,	0.634001

0.000000,	0.000000
1.165497,	0.480305
0.771642,	0.636057

0.000000,	0.000000
1.168226,	0.480429
0.769946,	0.638109

0.000000,	0.000000
1.170951,	0.480551
0.768245,	0.640156

0.000000,	0.000000
1.173671,	0.480672
0.766538,	0.642198

0.000000,	0.000000
1.176386,	0.480792
0.764826,	0.644236

0.000000,	0.000000
1.179098,	0.480910
0.763109,	0.646270

0.000000,	0.000000
1.181805,	0.481026
0.761386,	0.648299

0.000000,	0.000000
1.184507,	0.481141
0.759658,	0.650323

0.000000,	0.000000
1.187205,	0.481254
0.757924,	0.652343

0.000000,	0.000000
1.189899,	0.481367
0.756185,	0.654358

0.000000,	0.000000
1.192589,	0.481477
0.754441,	0.656368

0.000000,	0.000000
1.195274,	0.481586
0.752691,	0.658374

0.000000,	0.000000
1.197955,	0.481694
0.750936,	0.660375

0.000000,	0.000000
1.200631,	0.481800
0.749176,	0.662371

0.000000,	0.000000
1.203304,	0.481905
0.747410,	0.664363

0.000000,	0.000000
1.205972,	0.482009
0.745639,	0.666350

0.000000,	0.000000
1.208636,	0.482111
0.743863,	0.668332

0.000000,	0.000000
1.211296,	0.482211
0.742081,	0.670310

0.000000,	0.000000
1.213952,	0.482310
0.740294,	0.672283

0.000000,	0.000000
1.216604,	0.482408
0.738502,	0.674251

0.000000,	0.000000
1.219251,	0.482505
0.736705,	0.676214

0.000000,	0.000000
1.221894,	0.482600
0.734903,	0.678173

0.000000,	0.000000
1.224534,	0.482693
0.733095,	0.680126

0.000000,	0.000000
1.227169,	0.482786
0.731282,	0.682075

0.000000,	0.000000
1.229800,	0.482877
0.729464,	0.684019

0.000000,	0.000000
1.232428,	0.482966
0.727641,	0.685958

0.000000,	0.000000
1.235051,	0.483055
0.725812,	0.687893

0.000000,	0.000000
1.237670,	0.483141
0.723979,	0.689822

0.000000,	0.000000
1.240285,	0.483227
0.722140,	0.691747

0.000000,	0.000000
1.242897,	0.483311
0.720296,	0.693667

0.000000,	0.000000
1.245504,	0.483394
0.718447,	0.695581

0.000000,	0.000000
1.248108,	0.483476
0.716593,	0.697491

0.000000,	0.000000
1.250707,	0.483556
0.714734,	0.699396

0.000000,	0.000000
1.253303,	0.483635
0.712870,	0.701296

0.000000,	0.000000
1.255895,	0.483712
0.711001,	0.703191

0.000000,	0.000000
1.258483,	0.483789
0.709127,	0.705081

0.000000,	0.000000
1.261067,	0.483864
0.707248,	0.706966

0.000000,	0.000000
1.263648,	0.483938
0.705363,	0.708846

0.000000,	0.000000
1.266224,	0.484010
0.703474,	0.710721

0.000000,	0.000000
1.268797,	0.484081
0.701580,	0.712591

0.000000,	0.000000
1.271366,	0.484151
0.699681,	0.714456

0.000000,	0.000000
1.273931,	0.484220
0.697777,	0.716315

0.000000,	0.000000
1.276493,	0.484287
0.695868,	0.718170

0.000000,	0.000000
1.279051,	0.484353
0.693954,	0.720020

0.000000,	0.000000
1.281605,	0.484418
0.692035,	0.721864

0.000000,	0.000000
1.284155,	0.484482
0.690111,	0.723704

0.000000,	0.000000
1.286702,	0.484544
0.688182,	0.725538

0.000000,	0.000000
1.289245,	0.484606
0.686249,	0.727367

0.000000,	0.000000
1.291785,	0.484666
0.684310,	0.729191

0.000000,	0.000000
1.294320,	0.484724
0.682367,	0.731010

0.000000,	0.000000
1.296853,	0.484782
0.680419,	0.732824

0.000000,	0.000000
1.299381,	0.484838
0.678466,	0.734632

0.000000,	0.000000
1.301906,	0.484893
0.676508,	0.736435

0.000000,	0.000000
1.304427,	0.484947
0.674545,	0.738233

0.000000,	0.000000
1.306945,	0.485000
0.672578,	0.740026

0.000000,	0.000000
1.309460,	0.485052
0.670606,	0.741814

0.000000,	0.000000
1.311970,	0.485102
0.668629,	0.743596

0.000000,	0.000000
1.314477,	0.485151
0.666647,	0.745373

0.000000,	0.000000
1.316981,	0.485199
0.664661,	0.747145

0.000000,	0.000000
1.319481,	0.485246
0.662670,	0.748911

0.000000,	0.000000
1.321978,	0.485292
0.660674,	0.750673

0.000000,	0.000000
1.324471,	0.485336
0.658674,	0.752429

0.000000,	0.000000
1.326961,	0.485380
0.656669,	0.754179

0.000000,	0.000000
1.329447,	0.485422
0.654659,	0.755924

0.000000,	0.000000
1.331930,	0.485463
0.652645,	0.757664

0.000000,	0.000000
1.334409,	0.485503
0.650626,	0.759399

0.000000,	0.000000
1.336885,	0.485542
0.648602,	0.761128

0.000000,	0.000000
1.339358,	0.485579
0.646574,	0.762851

0.000000,	0.000000
1.341827,	0.485616
0.644541,	0.764570

0.000000,	0.000000
1.344293,	0.485652
0.642504,	0.766282

0.000000,	0.000000
1.346756,	0.485686
0.640462,	0.767990

0.000000,	0.000000
1.349215,	0.485719
0.638416,	0.769692

0.000000,	0.000000
1.351670,	0.485751
0.636365,	0.771388

0.000000,	0.000000
1.354123,	0.485782
0.634309,	0.773079

0.000000,	0.000000
1.356572,	0.485812
0.632249,	0.774765

0.000000,	0.000000
1.359018,	0.485841
0.630185,	0.776445

0.000000,	0.000000
1.361460,	0.485869
0.628116,	0.778120

0.000000,	0.000000
1.363899,	0.485896
0.626043,	0.779789

0.000000,	0.000000
1.366335,	0.485921
0.623965,	0.781452

0.000000,	0.000000
1.368768,	0.485946
0.621883,	0.783111

0.000000,	0.000000
1.371197,	0.485970
0.619796,	0.784763

0.000000,	0.000000
1.373623,	0.485992
0.617705,	0.786410

0.000000,	0.000000
1.376046,	0.486013
0.615610,	0.788051

0.000000,	0.000000
1.378466,	0.486034
0.613510,	0.789687

0.000000,	0.000000
1.380882,	0.486053
0.611406,	0.791317

0.000000,	0.000000
1.383296,	0.486071
0.609297,	0.792942

0.000000,	0.000000
1.385706,	0.486089
0.607185,	0.794561

0.000000,	0.000000
1.388112,	0.486105
0.605068,	0.796174

0.000000,	0.000000
1.390516,	0.486120
0.602946,	0.797782

0.000000,	0.000000
1.392917,	0.486134
0.600821,	0.799384

0.000000,	0.000000
1.395314,	0.486147
0.598691,	0.800980

0.000000,	0.000000
1.397708,	0.486159
0.596557,	0.802571

0.000000,	0.000000
1.400099,	0.486171
0.594418,	0.804156

0.000000,	0.000000
1.402487,	0.486181
0.592276,	0.805735

0.000000,	0.000000
1.404872,	0.486190
0.590129,	0.807309

0.000000,	0.000000
1.407254,	0.486198
0.587978,	0.808877

0.000000,	0.000000
1.409633,	0.486205
0.585823,	0.810439

0.000000,	0.000000
1.412008,	0.486211
0.583664,	0.811995

0.000000,	0.000000
1.414381,	0.486216
0.581501,	0.813546

0.000000,	0.000000
1.416750,	0.486221
0.579333,	0.815091

0.000000,	0.000000
1.419117,	0.486224
0.577162,	0.816630

0.000000,	0.000000
1.421480,	0.486226
0.574986,	0.818163

0.000000,	0.000000
1.423840,	0.486227
0.572806,	0.819691

0.000000,	0.000000
1.426198,	0.486228
0.570622,	0.821213

0.000000,	0.000000
1.428552,	0.486227
0.568435,	0.822728

0.000000,	0.000000
1.430903,	0.486225
0.566243,	0.824239

0.000000,	0.000000
1.433251,	0.486223
0.564047,	0.825743

0.000000,	0.000000
1.435596,	0.486219
0.561847,	0.827241

0.000000,	0.000000
1.437939,	0.486215
0.559643,	0.828734

0.000000,	0.000000
1.440278,	0.486209
0.557435,	0.830220

0.000000,	0.000000
1.442614,	0.486203
0.555224,	0.831701

0.000000,	0.000000
1.444948,	0.486196
0.553008,	0.833176

0.000000,	0.000000
1.447278,	0.486187
0.550788,	0.834645

0.000000,	0.000000
1.449606,	0.486178
0.548565,	0.836108

0.000000,	0.000000
1.451930,	0.486168
0.546337,	0.837565

0.000000,	0.000000
1.454252,	0.486157
0.544106,	0.839016

0.000000,	0.000000
1.456570,	0.486145
0.541871,	0.840462

0.000000,	0.000000
1.458886,	0.486133
0.539632,	0.841901

0.000000,	0.000000
1.461199,	0.486119
0.537389,	0.843334

0.000000,	0.000000
1.463509,	0.486104
0.535142,	0.844762

0.000000,	0.000000
1.465816,	0.486089
0.532892,	0.846183

0.000000,	0.000000
1.468121,	0.486072
0.530638,	0.847599

0.000000,	0.000000
1.470422,	0.486055
0.528380,	0.849008

0.000000,	0.000000
1.472721,	0.486037
0.526118,	0.850411

0.000000,	0.000000
1.475016,	0.486018
0.523853,	0.851809

0.000000,	0.000000
1.477309,	0.485998
0.521584,	0.853200

0.000000,	0.000000
1.479599,	0.485977
0.519311,	0.854585

0.000000,	0.000000
1.481886,	0.485956
0.517034,	0.855965

0.000000,	0.000000
1.484171,	0.485933
0.514754,	0.857338

0.000000,	0.000000
1.486452,	0.485910
0.512471,	0.858705

0.000000,	0.000000
1.488731,	0.485885
0.510183,	0.860066

0.000000,	0.000000
1.491007,	0.485860
0.507892,	0.861421

0.000000,	0.000000
1.493280,	0.485834
0.505597,	0.862770

0.000000,	0.000000
1.495551,	0.485807
0.503299,	0.864112

0.000000,	0.000000
1.497818,	0.485780
0.500997,	0.865449

0.000000,	0.000000
1.500083,	0.485751
0.498692,	0.866779

0.000000,	0.000000
1.502345,	0.485722
0.496383,	0.868104

0.000000,	0.000000
1.504605,	0.485691
0.494071,	0.869422

0.000000,	0.000000
1.506861,	0.485660
0.491755,	0.870734

0.000000,	0.000000
1.509115,	0.485628
0.489436,	0.872039

0.000000,	0.000000
1.511366,	0.485596
0.487113,	0.873339

0.000000,	0.000000
1.513615,	0.485562
0.484786,	0.874633

0.000000,	0.000000
1.515861,	0.485528
0.482457,	0.875920

0.000000,	0.000000
1.518104,	0.485493
0.480124,	0.877201

0.000000,	0.000000
1.520344,	0.485457
0.477787,	0.878476

0.000000,	0.000000
1.522582,	0.485420
0.475447,	0.879744

0.000000,	0.000000
1.524817,	0.485382
0.473104,	0.881007

0.000000,	0.000000
1.527049,	0.485344
0.470757,	0.882263

0.000000,	0.000000
1.529279,	0.485305
0.468407,	0.883513

0.000000,	0.000000
1.531506,	0.485264
0.466054,	0.884756

0.000000,	0.000000
1.533730,	0.485224
0.463697,	0.885994

0.000000,	0.000000
1.535952,	0.485182
0.461337,	0.887225

0.000000,	0.000000
1.538171,	0.485140
0.458974,	0.888450

0.000000,	0.000000
1.540387,	0.485096
0.456608,	0.889668

0.000000,	0.000000
1.542601,	0.485052
0.454238,	0.890880

0.000000,	0.000000
1.544812,	0.485008
0.451865,	0.892086

0.000000,	0.000000
1.547021,	0.484962
0.449489,	0.893286

0.000000,	0.000000
1.549227,	0.484916
0.447110,	0.894479

0.000000,	0.000000
1.551430,	0.484869
0.444728,	0.895666

0.000000,	0.000000
1.553631,	0.484821
0.442342,	0.896846

0.000000,	0.000000
1.555829,	0.484772
0.439953,	0.898021

0.000000,	0.000000
1.558025,	0.484723
0.437561,	0.899188

0.000000,	0.000000
1.560218,	0.484672
0.435167,	0.900350

0.000000,	0.000000
1.562408,	0.484622
0.432769,	0.901505

0.000000,	0.000000
1.564596,	0.484570
0.430368,	0.902654

0.000000,	0.000000
1.566781,	0.484517
0.427963,	0.903796

0.000000,	0.000000
1.568964,	0.484464
0.425556,	0.904932

0.000000,	0.000000
1.571145,	0.484410
0.423146,	0.906061

0.000000,	0.000000
1.573322,	0.484356
0.420733,	0.907185

0.000000,	0.000000
1.575497,	0.484300
0.418317,	0.908301

0.000000,	0.000000
1.577670,	0.484244
0.415898,	0.909411

0.000000,	0.000000
1.579840,	0.484187
0.413476,	0.910515

0.000000,	0.000000
1.582008,	0.484129
0.411051,	0.911613

0.000000,	0.000000
1.584173,	0.484071
0.408623,	0.912703

0.000000,	0.000000
1.586336,	0.484012
0.406192,	0.913788

0.000000,	0.000000
1.588496,	0.483952
0.403758,	0.914866

0.000000,	0.000000
1.590654,	0.483892
0.401322,	0.915937

0.000000,	0.000000
1.592809,	0.483830
0.398882,	0.917002

0.000000,	0.000000
1.594962,	0.483768
0.396440,	0.918061

0.000000,	0.000000
1.597112,	0.483706
0.393995,	0.919112

0.000000,	0.000000
1.599260,	0.483642
0.391547,	0.920158

0.000000,	0.000000
1.601405,	0.483578
0.389097,	0.921197

0.000000,	0.000000
1.603548,	0.483513
0.386644,	0.922229

0.000000,	0.000000
1.605688,	0.483448
0.384187,	0.923255

0.000000,	0.000000
1.607826,	0.483382
0.381729,	0.924274

0.000000,	0.000000
1.609962,	0.483315
0.379267,	0.925287

0.000000,	0.000000
1.612095,	0.483247
0.376803,	0.926293

0.000000,	0.000000
1.614226,	0.483179
0.374336,	0.927293

0.000000,	0.000000
1.616354,	0.483110
0.371867,	0.928286

0.000000,	0.000000
1.618480,	0.483040
0.369395,	0.929273

0.000000,	0.000000
1.620604,	0.482970
0.366920,	0.930253

0.000000,	0.000000
1.622725,	0.482899
0.364442,	0.931226

0.000000,	0.000000
1.624844,	0.482827
0.361963,	0.932193

0.000000,	0.000000
1.626960,	0.482754
0.359480,	0.933153

0.000000,	0.000000
1.629074,	0.482681
0.356995,	0.934106

0.000000,	0.000000
1.631185,	0.482607
0.354507,	0.935053

0.000000,	0.000000
1.633295,	0.482533
0.352017,	0.935993

0.000000,	0.000000
1.635402,	0.482458
0.349525,	0.936927

0.000000,	0.000000
1.637506,	0.482382
0.347030,	0.937854

0.000000,	0.000000
1.639608,	0.482306
0.344532,	0.938775

0.000000,	0.000000
1.641708,	0.482228
0.342032,	0.939688

0.000000,	0.000000
1.643805,	0.482151
0.339530,	0.940595

0.000000,	0.000000
1.645901,	0.482072
0.337025,	0.941496

0.000000,	0.000000
1.647993,	0.481993
0.334518,	0.942389

0.000000,	0.000000
1.650084,	0.481913
0.332008,	0.943276

0.000000,	0.000000
1.652172,	0.481833
0.329496,	0.944157

0.000000,	0.000000
1.654258,	0.481752
0.326982,	0.945030

0.000000,	0.000000
1.656341,	0.481670
0.324466,	0.945897

0.000000,	0.000000
1.658423,	0.481588
0.321947,	0.946758

0.000000,	0.000000
1.660501,	0.481505
0.319426,	0.947611

0.000000,	0.000000
1.662578,	0.481421
0.316902,	0.948458

0.000000,	0.000000
1.664652,	0.481337
0.314377,	0.949298

0.000000,	0.000000
1.666724,	0.481252
0.311849,	0.950132

0.000000,	0.000000
1.668794,	0.481167
0.309319,	0.950958

0.000000,	0.000000
1.670862,	0.481080
0.306787,	0.951778

0.000000,	0.000000
1.672927,	0.480994
0.304252,	0.952592

0.000000,	0.000000
1.674990,	0.480906
0.301715,	0.953398

0.000000,	0.000000
1.677051,	0.480818
0.299177,	0.954198

0.000000,	0.000000
1.679109,	0.480730
0.296636,	0.954991

0.000000,	0.000000
1.681165,	0.480640
0.294093,	0.955777

0.000000,	0.000000
1.683219,	0.480550
0.291548,	0.956556

0.000000,	0.000000
1.685271,	0.480460
0.289001,	0.957329

0.000000,	0.000000
1.687321,	0.480369
0.286452,	0.958095

0.000000,	0.000000
1.689368,	0.480277
0.283901,	0.958854

0.000000,	0.000000
1.691413,	0.480185
0.281347,	0.959606

0.000000,	0.000000
1.693456,	0.480092
0.278792,	0.960351

0.000000,	0.000000
1.695496,	0.479998
0.276235,	0.961090

0.000000,	0.000000
1.697535,	0.479904
0.273676,	0.961822

0.000000,	0.000000
1.699571,	0.479809
0.271115,	0.962547

0.000000,	0.000000
1.701605,	0.479714
0.268552,	0.963265

0.000000,	0.000000
1.703637,	0.479618
0.265987,	0.963977

0.000000,	0.000000
1.705666,	0.479521
0.263420,	0.964681

0.000000,	0.000000
1.707694,	0.479424
0.260852,	0.965379

0.000000,	0.000000
1.709719,	0.479327
0.258281,	0.966070

0.000000,	0.000000
1.711742,	0.479228
0.255709,	0.966754

0.000000,	0.000000
1.713763,	0.479129
0.253135,	0.967431

0.000000,	0.000000
1.715781,	0.479030
0.250559,	0.968101

0.000000,	0.000000
1.717798,	0.478930
0.247981,	0.968765

0.000000,	0.000000
1.719812,	0.478829
0.245402,	0.969421

0.000000,	0.000000
1.721825,	0.478728
0.242821,	0.970071

0.000000,	0.000000
1.723835,	0.478626
0.240238,	0.970714

0.000000,	0.000000
1.725843,	0.478524
0.237653,	0.971350

0.000000,	0.000000
1.727848,	0.478421
0.235067,	0.971979

0.000000,	0.000000
1.729852,	0.478317
0.232479,	0.972601

0.000000,	0.000000
1.731854,	0.478213
0.229889,	0.973217

0.000000,	0.000000
1.733853,	0.478108
0.227298,	0.973825

0.000000,	0.000000
1.735850,	0.478003
0.224705,	0.974427

0.000000,	0.000000
1.737845,	0.477897
0.222111,	0.975021

0.000000,	0.000000
1.739839,	0.477791
0.219515,	0.975609

0.000000,	0.000000
1.741829,	0.477684
0.216917,	0.976190

0.000000,	0.000000
1.743818,	0.477577
0.214318,	0.976764

0.000000,	0.000000
1.745805,	0.477469
0.211718,	0.977331

0.000000,	0.000000
1.747790,	0.477360
0.209115,	0.977891

0.000000,	0.000000
1.749772,	0.477251
0.206512,	0.978444

0.000000,	0.000000
1.751753,	0.477141
0.203907,	0.978990

0.000000,	0.000000
1.753731,	0.477031
0.201300,	0.979530

0.000000,	0.000000
1.755707,	0.476920
0.198692,	0.980062

0.000000,	0.000000
1.757682,	0.476809
0.196083,	0.980587

0.000000,	0.000000
1.759654,	0.476697
0.193472,	0.981106

0.000000,	0.000000
1.761624,	0.476584
0.190860,	0.981617

0.000000,	0.000000
1.763592,	0.476471
0.188247,	0.982122

0.000000,	0.000000
1.765558,	0.476358
0.185632,	0.982619

0.000000,	0.000000
1.767522,	0.476244
0.183016,	0.983110

0.000000,	0.000000
1.769483,	0.476129
0.180399,	0.983594

0.000000,	0.000000
1.771443,	0.476014
0.177780,	0.984070

0.000000,	0.000000
1.773401,	0.475899
0.175160,	0.984540

0.000000,	0.000000
1.775357,	0.475782
0.172539,	0.985003

0.000000,	0.000000
1.777310,	0.475666
0.169916,	0.985458

0.000000,	0.000000
1.779262,	0.475548
0.167293,	0.985907

0.000000,	0.000000
1.781212,	0.475431
0.164668,	0.986349

0.000000,	0.000000
1.783159,	0.475312
0.162042,	0.986784

0.000000,	0.000000
1.785105,	0.475194
0.159415,	0.987212

0.000000,	0.000000
1.787048,	0.475074
0.156787,	0.987632

0.000000,	0.000000
1.788990,	0.474954
0.154157,	0.988046

0.000000,	0.000000
1.790929,	0.474834
0.151527,	0.988453

0.000000,	0.000000
1.792867,	0.474713
0.148895,	0.988853

0.000000,	0.000000
1.794803,	0.474592
0.146263,	0.989246

0.000000,	0.000000
1.796736,	0.474470
0.143629,	0.989632

0.000000,	0.000000
1.798668,	0.474348
0.140995,	0.990010

0.000000,	0.000000
1.800597,	0.474225
0.138359,	0.990382

0.000000,	0.000000
1.802525,	0.474101
0.135723,	0.990747

0.000000,	0.000000
1.804450,	0.473977
0.133085,	0.991105

0.000000,	0.000000
1.806374,	0.473853
0.130446,	0.991455

0.000000,	0.000000
1.808296,	0.473728
0.127807,	0.991799

0.000000,	0.000000
1.810215,	0.473603
0.125167,	0.992136

0.000000,	0.000000
1.812133,	0.473477
0.122526,	0.992465

0.000000,	0.000000
1.814049,	0.473350
0.119883,	0.992788

0.000000,	0.000000
1.815963,	0.473223
0.117241,	0.993104

0.000000,	0.000000
1.817875,	0.473096
0.114597,	0.993412

0.000000,	0.000000
1.819784,	0.472968
0.111952,	0.993714

0.000000,	0.000000
1.821692,	0.472840
0.109307,	0.994008

0.000000,	0.000000
1.823598,	0.472711
0.106661,	0.994295

0.000000,	0.000000
1.825503,	0.472581
0.104014,	0.994576

0.000000,	0.000000
1.827405,	0.472451
0.101366,	0.994849

0.000000,	0.000000
1.829305,	0.472321
0.098718,	0.995115

0.000000,	0.000000
1.831203,	0.472190
0.096069,	0.995375

0.000000,	0.000000
1.833100,	0.472059
0.093419,	0.995627

0.000000,	0.000000
1.834994,	0.471927
0.090769,	0.995872

0.000000,	0.000000
1.836886,	0.471795
0.088118,	0.996110

0.000000,	0.000000
1.838777,	0.471662
0.085466,	0.996341

0.000000,	0.000000
1.840666,	0.471529
0.082814,	0.996565

0.000000,	0.000000
1.842553,	0.471395
0.080161,	0.996782

0.000000,	0.000000
1.844437,	0.471261
0.077507,	0.996992

0.000000,	0.000000
1.846320,	0.471126
0.074854,	0.997195

0.000000,	0.000000
1.848202,	0.470991
0.072199,	0.997390

0.000000,	0.000000
1.850081,	0.470856
0.069544,	0.997579

0.000000,	0.000000
1.851958,	0.470720
0.066889,	0.997760

0.000000,	0.000000
1.853833,	0.470583
0.064233,	0.997935

0.000000,	0.000000
1.855707,	0.470446
0.061576,	0.998102

0.000000,	0.000000
1.857579,	0.470309
0.058919,	0.998263

0.000000,	0.000000
1.859448,	0.470171
0.056262,	0.998416

0.000000,	0.000000
1.861316,	0.470032
0.053604,	0.998562

0.000000,	0.000000
1.863182,	0.469894
0.050946,	0.998701

0.000000,	0.000000
1.865047,	0.469754
0.048288,	0.998833

0.000000,	0.000000
1.866909,	0.469615
0.045629,	0.998958

0.000000,	0.000000
1.868769,	0.469474
0.042970,	0.999076

0.000000,	0.000000
1.870628,	0.469334
0.040311,	0.999187

0.000000,	0.000000
1.872485,	0.469193
0.037651,	0.999291

0.000000,	0.000000
1.874340,	0.469051
0.034991,	0.999388

0.000000,	0.000000
1.876193,	0.468909
0.032331,	0.999477

0.000000,	0.000000
1.878044,	0.468767
0.029670,	0.999560

0.000000,	0.000000
1.879893,	0.468624
0.027010,	0.999635

0.000000,	0.000000
1.881741,	0.468480
0.024349,	0.999704

0.000000,	0.000000
1.883586,	0.468336
0.021688,	0.999765

0.000000,	0.000000
1.885430,	0.468192
0.019027,	0.999819

0.000000,	0.000000
1.887272,	0.468048
0.016365,	0.999866

0.000000,	0.000000
1.889113,	0.467902
0.013704,	0.999906

0.000000,	0.000000
1.890951,	0.467757
0.011043,	0.999939

0.000000,	0.000000
1.892788,	0.467611
0.008381,	0.999965

0.000000,	0.000000
1.894622,	0.467464
0.005719,	0.999984

0.000000,	0.000000
1.896455,	0.467318
0.003058,	0.999995

0.000000,	0.000000
1.898287,	0.467170
0.000396,	1.000000

0.000000,	0.000000
1.900116,	0.467023
-0.002266,	0.999997

0.000000,	0.000000
1.901943,	0.466874
-0.004927,	0.999988

0.000000,	0.000000
1.903769,	0.466726
-0.007589,	0.999971

0.000000,	0.000000
1.905593,	0.466577
-0.010251,	0.999947

0.000000,	0.000000
1.907415,	0.466427
-0.012912,	0.999917

0.000000,	0.000000
1.909236,	0.466277
-0.015574,	0.999879

0.000000,	0.000000
1.911054,	0.466127
-0.018235,	0.999834

0.000000,	0.000000
1.912871,	0.465976
-0.020896,	0.999782

0.000000,	0.000000
1.914686,	0.465825
-0.023557,	0.999722

0.000000,	0.000000
1.916499,	0.465674
-0.026218,	0.999656

0.000000,	0.000000
1.918311,	0.465522
-0.028879,	0.999583

0.000000,	0.000000
1.920121,	0.465369
-0.031539,	0.999503

0.000000,	0.000000
1.921929,	0.465217
-0.034199,	0.999415

0.000000,	0.000000
1.923735,	0.465063
-0.036859,	0.999320

0.000000,	0.000000
1.925539,	0.464910
-0.039519,	0.999219

0.000000,	0.000000
1.927342,	0.464756
-0.042179,	0.999110

0.000000,	0.000000
1.929143,	0.464601
-0.044838,	0.998994

0.000000,	0.000000
1.930942,	0.464446
-0.047497,	0.998871

0.000000,	0.000000
1.932739,	0.464291
-0.050155,	0.998741

0.000000,	0.000000
1.934535,	0.464135
-0.052813,	0.998604

0.000000,	0.000000
1.936329,	0.463979
-0.055471,	0.998460

0.000000,	0.000000
1.938121,	0.463822
-0.058129,	0.998309

0.000000,	0.000000
1.939912,	0.463666
-0.060786,	0.998151

0.000000,	0.000000
1.941700,	0.463508
-0.063442,	0.997986

0.000000,	0.000000
1.943487,	0.463350
-0.066098,	0.997813

0.000000,	0.000000
1.945273,	0.463192
-0.068754,	0.997634

0.000000,	0.000000
1.947056,	0.463034
-0.071409,	0.997447

0.000000,	0.000000
1.948838,	0.462875
-0.074064,	0.997254

0.000000,	0.000000
1.950618,	0.462715
-0.076718,	0.997053

0.000000,	0.000000
1.952396,	0.462556
-0.079371,	0.996845

0.000000,	0.000000
1.954173,	0.462396
-0.082024,	0.996630

0.000000,	0.000000
1.955948,	0.462235
-0.084677,	0.996408

0.000000,	0.000000
1.957721,	0.462074
-0.087329,	0.996180

0.000000,	0.000000
1.959493,	0.461913
-0.089980,	0.995944

0.000000,	0.000000
1.961263,	0.461751
-0.092631,	0.995701

0.000000,	0.000000
1.963031,	0.461589
-0.095280,	0.995450

0.000000,	0.000000
1.964797,	0.461426
-0.097930,	0.995193

0.000000,	0.000000
1.966562,	0.461264
-0.100578,	0.994929

0.000000,	0.000000
1.968325,	0.461100
-0.103226,	0.994658

0.000000,	0.000000
1.970086,	0.460937
-0.105873,	0.994380

0.000000,	0.000000
1.971846,	0.460773
-0.108520,	0.994094

0.000000,	0.000000
1.973604,	0.460608
-0.111165,	0.993802

0.000000,	0.000000
1.975360,	0.460443
-0.113810,	0.993503

0.000000,	0.000000
1.977115,	0.460278
-0.116454,	0.993196

0.000000,	0.000000
1.978868,	0.460113
-0.119097,	0.992883

0.000000,	0.000000
1.980619,	0.459947
-0.121739,	0.992562

0.000000,	0.000000
1.982369,	0.459780
-0.124381,	0.992235

0.000000,	0.000000
1.984117,	0.459614
-0.127022,	0.991900

0.000000,	0.000000
1.985863,	0.459446
-0.129661,	0.991558

0.000000,	0.000000
1.987608,	0.459279
-0.132300,	0.991210

0.000000,	0.000000
1.989350,	0.459111
-0.134938,	0.990854

0.000000,	0.000000
1.991092,	0.458943
-0.137575,	0.990491

0.000000,	0.000000
1.992831,	0.458774
-0.140211,	0.990122

0.000000,	0.000000
1.994569,	0.458605
-0.142846,	0.989745

0.000000,	0.000000
1.996306,	0.458436
-0.145479,	0.989361

0.000000,	0.000000
1.998040,	0.458266
-0.148112,	0.988971

0.000000,	0.000000
1.999773,	0.458096
-0.150744,	0.988573

0.000000,	0.000000
2.001505,	0.457926
-0.153375,	0.988168

0.000000,	0.000000
2.003235,	0.457755
-0.156004,	0.987756

0.000000,	0.000000
2.004963,	0.457584
-0.158633,	0.987338

0.000000,	0.000000
2.006689,	0.457412
-0.161260,	0.986912

0.000000,	0.000000
2.008414,	0.457240
-0.163887,	0.986479

0.000000,	0.000000
2.010137,	0.457068
-0.166512,	0.986039

0.000000,	0.000000
2.011859,	0.456895
-0.169136,	0.985593

0.000000,	0.000000
2.013579,	0.456722
-0.171759,	0.985139

0.000000,	0.000000
2.015297,	0.456549
-0.174380,	0.984678

0.000000,	0.000000
2.017014,	0.456375
-0.177000,	0.984211

0.000000,	0.000000
2.018729,	0.456201
-0.179619,	0.983736

0.000000,	0.000000
2.020443,	0.456027
-0.182237,	0.983255

0.000000,	0.000000
2.022155,	0.455852
-0.184854,	0.982766

0.000000,	0.000000
2.023865,	0.455677
-0.187469,	0.982271

0.000000,	0.000000
2.025573,	0.455501
-0.190083,	0.981768

0.000000,	0.000000
2.027281,	0.455326
-0.192695,	0.981259

0.000000,	0.000000
2.028986,	0.455149
-0.195306,	0.980742

0.000000,	0.000000
2.030690,	0.454973
-0.197916,	0.980219

0.000000,	0.000000
2.032392,	0.454796
-0.200524,	0.979689

0.000000,	0.000000
2.034093,	0.454619
-0.203131,	0.979151

0.000000,	0.000000
2.035792,	0.454441
-0.205737,	0.978607

0.000000,	0.000000
2.037489,	0.454263
-0.208341,	0.978056

0.000000,	0.000000
2.039185,	0.454085
-0.210943,	0.977498

0.000000,	0.000000
2.040880,	0.453906
-0.213544,	0.976933

0.000000,	0.000000
2.042573,	0.453727
-0.216144,	0.976361

0.000000,	0.000000
2.044264,	0.453548
-0.218742,	0.975783

0.000000,	0.000000
2.045953,	0.453368
-0.221339,	0.975197

0.000000,	0.000000
2.047641,	0.453188
-0.223933,	0.974604

0.000000,	0.000000
2.049328,	0.453008
-0.226527,	0.974005

0.000000,	0.000000
2.051013,	0.452827
-0.229118,	0.973399

0.000000,	0.000000
2.052696,	0.452646
-0.231708,	0.972785

0.000000,	0.000000
2.054378,	0.452465
-0.234297,	0.972165

0.000000,	0.000000
2.056058,	0.452283
-0.236884,	0.971538

0.000000,	0.000000
2.057736,	0.452101
-0.239469,	0.970904

0.000000,	0.000000
2.059414,	0.451919
-0.242052,	0.970263

0.000000,	0.000000
2.061089,	0.451736
-0.244634,	0.969616

0.000000,	0.000000
2.062763,	0.451553
-0.247214,	0.968961

0.000000,	0.000000
2.064435,	0.451370
-0.249792,	0.968300

0.000000,	0.000000
2.066106,	0.451186
-0.252369,	0.967631

0.000000,	0.000000
2.067776,	0.451002
-0.254943,	0.966956

0.000000,	0.000000
2.069443,	0.450817
-0.257516,	0.966274

0.000000,	0.000000
2.071110,	0.450633
-0.260087,	0.965585

0.000000,	0.000000
2.072774,	0.450448
-0.262656,	0.964889

0.000000,	0.000000
2.074437,	0.450262
-0.265223,	0.964187

0.000000,	0.000000
2.076099,	0.450077
-0.267789,	0.963478

0.000000,	0.000000
2.077759,	0.449891
-0.270352,	0.962761

0.000000,	0.000000
2.079418,	0.449704
-0.272914,	0.962038

0.000000,	0.000000
2.081075,	0.449518
-0.275474,	0.961309

0.000000,	0.000000
2.082730,	0.449331
-0.278032,	0.960572

0.000000,	0.000000
2.084384,	0.449143
-0.280587,	0.959829

0.000000,	0.000000
2.086036,	0.448956
-0.283141,	0.959078

0.000000,	0.000000
2.087687,	0.448768
-0.285693,	0.958321

0.000000,	0.000000
2.089337,	0.448579
-0.288243,	0.957557

0.000000,	0.000000
2.090985,	0.448391
-0.290790,	0.956787

0.000000,	0.000000
2.092631,	0.448202
-0.293336,	0.956009

0.000000,	0.000000
2.094276,	0.448013
-0.295879,	0.955225

0.000000,	0.000000
2.095919,	0.447823
-0.298421,	0.954434

0.000000,	0.000000
2.097561,	0.447633
-0.300960,	0.953637

0.000000,	0.000000
2.099201,	0.447443
-0.303498,	0.952832

0.000000,	0.000000
2.100840,	0.447253
-0.306033,	0.952021

0.000000,	0.000000
2.102477,	0.447062
-0.308566,	0.951203

0.000000,	0.000000
2.104113,	0.446871
-0.311096,	0.950378

0.000000,	0.000000
2.105748,	0.446679
-0.313625,	0.949547

0.000000,	0.000000
2.107380,	0.446488
-0.316151,	0.948709

0.000000,	0.000000
2.109012,	0.446296
-0.318675,	0.947864

0.000000,	0.000000
2.110642,	0.446103
-0.321197,	0.947012

0.000000,	0.000000
2.112270,	0.445910
-0.323716,	0.946154

0.000000,	0.000000
2.113897,	0.445718
-0.326234,	0.945289

0.000000,	0.000000
2.115522,	0.445524
-0.328749,	0.944417

0.000000,	0.000000
2.117146,	0.445331
-0.331261,	0.943539

0.000000,	0.000000
2.118769,	0.445137
-0.333771,	0.942654

0.000000,	0.000000
2.120389,	0.444943
-0.336279,	0.941762

0.000000,	0.000000
2.122009,	0.444748
-0.338785,	0.940864

0.000000,	0.000000
2.123627,	0.444553
-0.341288,	0.939959

0.000000,	0.000000
2.125243,	0.444358
-0.343789,	0.939047

0.000000,	0.000000
2.126859,	0.444163
-0.346287,	0.938129

0.000000,	0.000000
2.128472,	0.443967
-0.348783,	0.937204

0.000000,	0.000000
2.130084,	0.443771
-0.351276,	0.936272

0.000000,	0.000000
2.131695,	0.443575
-0.353767,	0.935334

0.000000,	0.000000
2.133304,	0.443378
-0.356255,	0.934389

0.000000,	0.000000
2.134912,	0.443181
-0.358741,	0.933437

0.000000,	0.000000
2.136518,	0.442984
-0.361224,	0.932479

0.000000,	0.000000
2.138123,	0.442786
-0.363705,	0.931514

0.000000,	0.000000
2.139726,	0.442589
-0.366183,	0.930543

0.000000,	0.000000
2.141328,	0.442391
-0.368658,	0.929565

0.000000,	0.000000
2.142929,	0.442192
-0.371131,	0.928580

0.000000,	0.000000
2.144528,	0.441993
-0.373602,	0.927589

0.000000,	0.000000
2.146125,	0.441794
-0.376069,	0.926592

0.000000,	0.000000
2.147721,	0.441595
-0.378534,	0.925587

0.000000,	0.000000
2.149316,	0.441396
-0.380997,	0.924576

0.000000,	0.000000
2.150909,	0.441196
-0.383456,	0.923559

0.000000,	0.000000
2.152501,	0.440996
-0.385913,	0.922535

0.000000,	0.000000
2.154092,	0.440795
-0.388367,	0.921505

0.000000,	0.000000
2.155681,	0.440594
-0.390819,	0.920468

0.000000,	0.000000
2.157268,	0.440393
-0.393267,	0.919424

0.000000,	0.000000
2.158854,	0.440192
-0.395713,	0.918374

0.000000,	0.000000
2.160439,	0.439991
-0.398156,	0.917318

0.000000,	0.000000
2.162022,	0.439789
-0.400596,	0.916255

0.000000,	0.000000
2.163604,	0.439587
-0.403034,	0.915185

0.000000,	0.000000
2.165184,	0.439384
-0.405468,	0.914109

0.000000,	0.000000
2.166763,	0.439181
-0.407900,	0.913027

0.000000,	0.000000
2.168341,	0.438978
-0.410329,	0.911938

0.000000,	0.000000
2.169917,	0.438775
-0.412754,	0.910842

0.000000,	0.000000
2.171491,	0.438572
-0.415177,	0.909741

0.000000,	0.000000
2.173065,	0.438368
-0.417597,	0.908632

0.000000,	0.000000
2.174637,	0.438164
-0.420014,	0.907517

0.000000,	0.000000
2.176207,	0.437959
-0.422428,	0.906396

0.000000,	0.000000
2.177776,	0.437754
-0.424839,	0.905269

0.000000,	0.000000
2.179344,	0.437550
-0.427247,	0.904135

0.000000,	0.000000
2.180910,	0.437344
-0.429653,	0.902994

0.000000,	0.000000
2.182475,	0.437139
-0.432054,	0.901848

0.000000,	0.000000
2.184038,	0.436933
-0.434453,	0.900694

0.000000,	0.000000
2.185600,	0.436727
-0.436849,	0.899535

0.000000,	0.000000
2.187161,	0.436521
-0.439242,	0.898369

0.000000,	0.000000
2.188720,	0.436314
-0.441632,	0.897196

0.000000,	0.000000
2.190278,	0.436107
-0.444018,	0.896018

0.000000,	0.000000
2.191835,	0.435900
-0.446401,	0.894833

0.000000,	0.000000
2.193390,	0.435692
-0.448782,	0.893641

0.000000,	0.000000
2.194943,	0.435485
-0.451159,	0.892444

0.000000,	0.000000
2.196496,	0.435277
-0.453532,	0.891240

0.000000,	0.000000
2.198047,	0.435069
-0.455903,	0.890029

0.000000,	0.000000
2.199596,	0.434860
-0.458270,	0.888813

0.000000,	0.000000
2.201144,	0.434651
-0.460635,	0.887590

0.000000,	0.000000
2.202691,	0.434442
-0.462995,	0.886361

0.000000,	0.000000
2.204237,	0.434233
-0.465353,	0.885125

0.000000,	0.000000
2.205781,	0.434023
-0.467707,	0.883883

0.000000,	0.000000
2.207323,	0.433813
-0.470058,	0.882635

0.000000,	0.000000
2.208865,	0.433603
-0.472406,	0.881381

0.000000,	0.000000
2.210405,	0.433393
-0.474750,	0.880121

0.000000,	0.000000
2.211943,	0.433182
-0.477091,	0.878854

0.000000,	0.000000
2.213480,	0.432971
-0.479429,	0.877581

0.000000,	0.000000
2.215016,	0.432760
-0.481763,	0.876302

0.000000,	0.000000
2.216551,	0.432549
-0.484094,	0.875016

0.000000,	0.000000
2.218084,	0.432337
-0.486421,	0.873725

0.000000,	0.000000
2.219615,	0.432125
-0.488745,	0.872427

0.000000,	0.000000
2.221146,	0.431913
-0.491065,	0.871123

0.000000,	0.000000
2.222675,	0.431700
-0.493382,	0.869813

0.000000,	0.000000
2.224202,	0.431488
-0.495696,	0.868496

0.000000,	0.000000
2.225729,	0.431275
-0.498005,	0.867174

0.000000,	0.000000
2.227254,	0.431061
-0.500312,	0.865845

0.000000,	0.000000
2.228777,	0.430848
-0.502615,	0.864511

0.000000,	0.000000
2.230300,	0.430634
-0.504914,	0.863170

0.000000,	0.000000
2.231821,	0.430420
-0.507210,	0.861823

0.000000,	0.000000
2.233340,	0.430206
-0.509502,	0.860470

0.000000,	0.000000
2.234858,	0.429991
-0.511790,	0.859110

0.000000,	0.000000
2.236375,	0.429777
-0.514075,	0.857745

0.000000,	0.000000
2.237891,	0.429562
-0.516356,	0.856374

0.000000,	0.000000
2.239405,	0.429346
-0.518634,	0.854996

0.000000,	0.000000
2.240918,	0.429131
-0.520908,	0.853613

0.000000,	0.000000
2.242429,	0.428915
-0.523178,	0.852223

0.000000,	0.000000
2.243940,	0.428699
-0.525445,	0.850828

0.000000,	0.000000
2.245449,	0.428483
-0.527707,	0.849426

0.000000,	0.000000
2.246956,	0.428266
-0.529966,	0.848019

0.000000,	0.000000
2.248462,	0.428049
-0.532222,	0.846605

0.000000,	0.000000
2.249967,	0.427832
-0.534473,	0.845185

0.000000,	0.000000
2.251471,	0.427615
-0.536721,	0.843760

0.000000,	0.000000
2.252973,	0.427397
-0.538965,	0.842328

0.000000,	0.000000
2.254474,	0.427180
-0.541205,	0.840891

0.000000,	0.000000
2.255974,	0.426961
-0.543441,	0.839447

0.000000,	0.000000
2.257472,	0.426743
-0.545674,	0.837998

0.000000,	0.000000
2.258969,	0.426525
-0.547902,	0.836542

0.000000,	0.000000
2.260464,	0.426306
-0.550127,	0.835081

0.000000,	0.000000
2.261959,	0.426087
-0.552348,	0.833614

0.000000,	0.000000
2.263452,	0.425868
-0.554565,	0.832141

0.000000,	0.000000
2.264944,	0.425648
-0.556778,	0.830662

0.000000,	0.000000
2.266434,	0.425428
-0.558987,	0.829177

0.000000,	0.000000
2.267923,	0.425208
-0.561192,	0.827686

0.000000,	0.000000
2.269411,	0.424988
-0.563393,	0.826189

0.000000,	0.000000
2.270897,	0.424768
-0.565590,	0.824687

0.000000,	0.000000
2.272383,	0.424547
-0.567783,	0.823178

0.000000,	0.000000
2.273867,	0.424326
-0.569972,	0.821664

0.000000,	0.000000
2.275349,	0.424105
-0.572157,	0.820144

0.000000,	0.000000
2.276830,	0.423883
-0.574338,	0.818618

0.000000,	0.000000
2.278310,	0.423662
-0.576515,	0.817087

0.000000,	0.000000
2.279789,	0.423440
-0.578687,	0.815549

0.000000,	0.000000
2.281267,	0.423218
-0.580856,	0.814006

0.000000,	0.000000
2.282743,	0.422995
-0.583021,	0.812457

0.000000,	0.000000
2.284217,	0.422773
-0.585181,	0.810903

0.000000,	0.000000
2.285691,	0.422550
-0.587338,	0.809342

0.000000,	0.000000
2.287163,	0.422327
-0.589490,	0.807776

0.000000,	0.000000
2.288634,	0.422103
-0.591638,	0.806204

0.000000,	0.000000
2.290104,	0.421880
-0.593781,	0.804626

0.000000,	0.000000
2.291572,	0.421656
-0.595921,	0.803043

0.000000,	0.000000
2.293040,	0.421432
-0.598056,	0.801454

0.000000,	0.000000
2.294505,	0.421208
-0.600187,	0.799859

0.000000,	0.000000
2.295970,	0.420983
-0.602314,	0.798259

0.000000,	0.000000
2.297433,	0.420759
-0.604437,	0.796653

0.000000,	0.000000
2.298895,	0.420534
-0.606555,	0.795041

0.000000,	0.000000
2.300356,	0.420309
-0.608669,	0.793424

0.000000,	0.000000
2.301815,	0.420083
-0.610779,	0.791801

0.000000,	0.000000
2.303274,	0.419858
-0.612884,	0.790173

0.000000,	0.000000
2.304731,	0.419632
-0.614985,	0.788539

0.000000,	0.000000
2.306186,	0.419406
-0.617082,	0.786899

0.000000,	0.000000
2.307641,	0.419179
-0.619174,	0.785254

0.000000,	0.000000
2.309094,	0.418953
-0.621262,	0.783603

0.000000,	0.000000
2.310546,	0.418726
-0.623346,	0.781946

0.000000,	0.000000
2.311996,	0.418499
-0.625425,	0.780284

0.000000,	0.000000
2.313446,	0.418272
-0.627499,	0.778617

0.000000,	0.000000
2.314894,	0.418044
-0.629570,	0.776944

0.000000,	0.000000
2.316341,	0.417817
-0.631635,	0.775266

0.000000,	0.000000
2.317786,	0.417589
-0.633697,	0.773582

0.000000,	0.000000
2.319230,	0.417361
-0.635754,	0.771892

0.000000,	0.000000
2.320674,	0.417132
-0.637806,	0.770197

0.000000,	0.000000
2.322115,	0.416904
-0.639854,	0.768497

0.000000,	0.000000
2.323556,	0.416675
-0.641897,	0.766791

0.000000,	0.000000
2.324995,	0.416446
-0.643936,	0.765080

0.000000,	0.000000
2.326433,	0.416217
-0.645970,	0.763363

0.000000,	0.000000
2.327870,	0.415987
-0.647999,	0.761641

0.000000,	0.000000
2.329306,	0.415758
-0.650024,	0.759914

0.000000,	0.000000
2.330740,	0.415528
-0.652045,	0.758181

0.000000,	0.000000
2.332173,	0.415298
-0.654060,	0.756442

0.000000,	0.000000
2.333605,	0.415068
-0.656071,	0.754699

0.000000,	0.000000
2.335036,	0.414837
-0.658078,	0.752950

0.000000,	0.000000
2.336465,	0.414606
-0.660080,	0.751196

0.000000,	0.000000
2.337893,	0.414375
-0.662077,	0.749436

0.000000,	0.000000
2.339320,	0.414144
-0.664069,	0.747671

0.000000,	0.000000
2.340746,	0.413913
-0.666057,	0.745901

