Rtotal	Subcritica	Critica	Supercritica
0.052500	21	0	0
0.042500	17	0	0
0.042500	3	14	0
0.005000	2	0	0
0.005000	2	0	0
0.017500	7	0	0
0.000000	0	0	0
0.002500	1	0	0
0.002500	1	0	0
0.282500	113	0	0
0.000000	0	0	0
0.092500	37	0	0
0.002500	1	0	0
0.025000	10	0	0
0.000000	0	0	0
0.000000	0	0	0
0.020000	8	0	0
0.000000	0	0	0
0.007500	3	0	0
0.037500	15	0	0
0.090000	36	0	0
0.007500	3	0	0
0.015000	6	0	0
0.042500	17	0	0
0.002500	1	0	0
0.050000	20	0	0
0.012500	5	0	0
0.045000	18	0	0
0.017500	7	0	0
0.012500	5	0	0
0.092500	37	0	0
0.007500	3	0	0
0.002500	1	0	0
0.137500	55	0	0
0.045000	18	0	0
0.067500	27	0	0
0.002500	1	0	0
0.000000	0	0	0
0.005000	2	0	0
0.025000	10	0	0
0.000000	0	0	0
0.090000	36	0	0
0.007500	3	0	0
0.000000	0	0	0
0.022500	9	0	0
0.005000	2	0	0
0.002500	1	0	0
0.000000	0	0	0
0.000000	0	0	0
0.040000	16	0	0
0.075000	30	0	0
0.010000	4	0	0
0.002500	1	0	0
0.030000	12	0	0
0.000000	0	0	0
0.145000	58	0	0
0.002500	1	0	0
0.080000	32	0	0
0.005000	2	0	0
0.035000	14	0	0
0.005000	2	0	0
0.082500	33	0	0
0.007500	3	0	0
0.015000	6	0	0
0.020000	8	0	0
0.000000	0	0	0
0.000000	0	0	0
0.015000	6	0	0
0.025000	10	0	0
0.032500	13	0	0
0.000000	0	0	0
0.000000	0	0	0
0.010000	4	0	0
0.080000	32	0	0
0.092500	37	0	0
0.030000	12	0	0
0.000000	0	0	0
0.007500	3	0	0
0.000000	0	0	0
0.097500	39	0	0
0.007500	3	0	0
0.180000	72	0	0
0.000000	0	0	0
0.015000	6	0	0
0.012500	5	0	0
0.032500	13	0	0
0.015000	6	0	0
0.005000	2	0	0
0.997500	9	0	390
0.022500	9	0	0
0.997500	36	0	363
0.525000	12	198	0
0.030000	12	0	0
0.000000	0	0	0
0.080000	32	0	0
0.002500	1	0	0
0.122500	49	0	0
0.007500	3	0	0
0.037500	15	0	0
0.215000	86	0	0
0.992500	36	0	361
0.012500	5	0	0
0.032500	13	0	0
0.062500	25	0	0
0.002500	1	0	0
0.037500	15	0	0
0.002500	1	0	0
0.290000	116	0	0
0.117500	47	0	0
0.002500	1	0	0
0.317500	127	0	0
0.010000	4	0	0
0.000000	0	0	0
0.000000	0	0	0
0.017500	7	0	0
0.005000	2	0	0
0.002500	1	0	0
0.000000	0	0	0
0.000000	0	0	0
0.005000	2	0	0
0.030000	12	0	0
0.027500	11	0	0
0.005000	2	0	0
0.085000	34	0	0
0.002500	1	0	0
0.032500	13	0	0
0.055000	22	0	0
0.000000	0	0	0
0.070000	28	0	0
0.052500	21	0	0
0.017500	7	0	0
0.047500	19	0	0
0.140000	56	0	0
0.007500	3	0	0
0.000000	0	0	0
0.025000	10	0	0
0.242500	97	0	0
0.007500	3	0	0
0.020000	8	0	0
0.002500	1	0	0
0.045000	18	0	0
0.020000	8	0	0
0.000000	0	0	0
0.000000	0	0	0
0.000000	0	0	0
0.117500	47	0	0
0.067500	27	0	0
0.007500	3	0	0
0.007500	3	0	0
0.022500	9	0	0
0.120000	48	0	0
0.005000	2	0	0
0.007500	3	0	0
0.015000	6	0	0
0.002500	1	0	0
0.020000	8	0	0
0.022500	9	0	0
0.047500	19	0	0
0.000000	0	0	0
0.030000	12	0	0
0.075000	30	0	0
0.005000	2	0	0
0.040000	16	0	0
0.005000	2	0	0
0.057500	23	0	0
0.157500	63	0	0
0.000000	0	0	0
0.005000	2	0	0
0.002500	1	0	0
0.025000	10	0	0
0.332500	133	0	0
0.002500	1	0	0
0.015000	6	0	0
0.022500	9	0	0
0.092500	37	0	0
0.302500	121	0	0
0.037500	15	0	0
0.002500	1	0	0
0.007500	3	0	0
0.102500	41	0	0
0.045000	18	0	0
0.000000	0	0	0
0.002500	1	0	0
0.007500	3	0	0
0.000000	0	0	0
0.000000	0	0	0
0.017500	7	0	0
0.005000	2	0	0
0.065000	26	0	0
0.037500	15	0	0
0.082500	33	0	0
0.052500	21	0	0
0.005000	2	0	0
0.007500	3	0	0
0.232500	93	0	0
0.000000	0	0	0
0.097500	39	0	0
0.222500	89	0	0
0.000000	0	0	0
0.002500	1	0	0
0.012500	5	0	0
0.002500	1	0	0
0.002500	1	0	0
0.072500	29	0	0
0.005000	2	0	0
0.010000	4	0	0
0.025000	10	0	0
0.017500	7	0	0
0.002500	1	0	0
0.037500	15	0	0
0.007500	3	0	0
0.042500	17	0	0
0.007500	3	0	0
0.000000	0	0	0
0.280000	112	0	0
0.295000	118	0	0
0.465000	186	0	0
0.167500	67	0	0
0.070000	28	0	0
0.060000	24	0	0
0.215000	86	0	0
0.000000	0	0	0
0.105000	42	0	0
0.020000	8	0	0
0.105000	42	0	0
0.070000	28	0	0
0.002500	1	0	0
0.017500	7	0	0
0.077500	31	0	0
0.025000	10	0	0
0.012500	5	0	0
0.182500	73	0	0
0.007500	3	0	0
0.177500	71	0	0
0.392500	157	0	0
0.007500	3	0	0
0.000000	0	0	0
0.040000	16	0	0
0.025000	10	0	0
0.000000	0	0	0
0.000000	0	0	0
0.000000	0	0	0
0.070000	28	0	0
0.000000	0	0	0
0.022500	9	0	0
0.010000	4	0	0
0.005000	2	0	0
0.022500	9	0	0
0.040000	16	0	0
0.177500	71	0	0
0.020000	8	0	0
0.017500	7	0	0
0.075000	30	0	0
0.002500	1	0	0
0.025000	10	0	0
0.167500	67	0	0
0.002500	1	0	0
0.020000	8	0	0
0.020000	8	0	0
0.010000	4	0	0
0.002500	1	0	0
0.025000	10	0	0
0.075000	30	0	0
0.007500	3	0	0
0.147500	59	0	0
0.000000	0	0	0
0.990000	106	0	290
0.017500	7	0	0
0.005000	2	0	0
0.012500	5	0	0
0.150000	60	0	0
0.285000	114	0	0
0.015000	6	0	0
0.012500	5	0	0
0.030000	12	0	0
0.077500	31	0	0
0.190000	76	0	0
0.317500	127	0	0
0.002500	1	0	0
0.095000	38	0	0
0.110000	44	0	0
0.015000	6	0	0
0.337500	135	0	0
0.010000	4	0	0
0.105000	42	0	0
0.020000	8	0	0
0.675000	73	197	0
0.012500	5	0	0
0.010000	4	0	0
0.060000	24	0	0
0.412500	165	0	0
0.062500	25	0	0
0.012500	5	0	0
0.085000	34	0	0
0.007500	3	0	0
0.000000	0	0	0
0.035000	14	0	0
0.035000	14	0	0
0.035000	14	0	0
0.005000	2	0	0
0.007500	3	0	0
0.022500	9	0	0
0.007500	3	0	0
0.022500	9	0	0
0.017500	7	0	0
0.125000	50	0	0
0.080000	32	0	0
0.080000	32	0	0
0.030000	12	0	0
0.010000	4	0	0
0.210000	84	0	0
0.200000	80	0	0
0.000000	0	0	0
0.147500	59	0	0
0.007500	3	0	0
0.072500	29	0	0
0.002500	1	0	0
0.270000	108	0	0
0.130000	52	0	0
0.007500	3	0	0
0.030000	12	0	0
0.492500	197	0	0
0.322500	129	0	0
0.102500	41	0	0
0.015000	6	0	0
0.110000	44	0	0
0.012500	5	0	0
0.087500	35	0	0
0.007500	3	0	0
0.000000	0	0	0
0.000000	0	0	0
0.010000	4	0	0
0.005000	2	0	0
0.000000	0	0	0
0.000000	0	0	0
0.302500	121	0	0
0.000000	0	0	0
0.020000	8	0	0
0.140000	56	0	0
0.355000	142	0	0
0.002500	1	0	0
0.117500	47	0	0
0.000000	0	0	0
0.210000	84	0	0
0.042500	17	0	0
0.010000	4	0	0
0.002500	1	0	0
0.025000	10	0	0
0.040000	16	0	0
0.012500	5	0	0
0.002500	1	0	0
0.062500	25	0	0
0.005000	2	0	0
0.077500	31	0	0
0.180000	72	0	0
0.012500	5	0	0
0.047500	19	0	0
0.422500	169	0	0
0.015000	6	0	0
0.000000	0	0	0
0.015000	6	0	0
0.005000	2	0	0
0.002500	1	0	0
0.030000	12	0	0
0.100000	40	0	0
0.145000	58	0	0
0.017500	7	0	0
0.042500	17	0	0
0.000000	0	0	0
0.205000	82	0	0
0.035000	14	0	0
0.275000	110	0	0
0.075000	30	0	0
0.065000	26	0	0
0.025000	10	0	0
0.030000	12	0	0
0.032500	13	0	0
0.035000	14	0	0
0.047500	19	0	0
0.215000	86	0	0
0.600000	62	178	0
0.145000	58	0	0
0.012500	5	0	0
0.042500	17	0	0
0.015000	6	0	0
0.155000	62	0	0
0.170000	68	0	0
0.000000	0	0	0
0.235000	94	0	0
0.050000	20	0	0
0.012500	5	0	0
0.025000	10	0	0
0.025000	10	0	0
0.252500	101	0	0
0.135000	54	0	0
0.017500	7	0	0
0.190000	76	0	0
0.007500	3	0	0
0.060000	24	0	0
0.100000	40	0	0
0.020000	8	0	0
0.312500	125	0	0
0.057500	23	0	0
0.000000	0	0	0
0.005000	2	0	0
0.022500	9	0	0
0.297500	119	0	0
0.237500	95	0	0
0.342500	137	0	0
0.002500	1	0	0
0.010000	4	0	0
0.005000	2	0	0
0.100000	40	0	0
0.107500	43	0	0
0.060000	24	0	0
0.490000	195	0	1
0.012500	5	0	0
0.000000	0	0	0
0.002500	1	0	0
0.000000	0	0	0
0.000000	0	0	0
0.037500	15	0	0
0.005000	2	0	0
0.135000	54	0	0
0.000000	0	0	0
0.377500	151	0	0
0.007500	3	0	0
0.097500	39	0	0
0.060000	24	0	0
0.387500	155	0	0
0.120000	48	0	0
0.030000	12	0	0
0.015000	6	0	0
0.992500	148	0	249
0.005000	2	0	0
0.000000	0	0	0
0.000000	0	0	0
0.002500	1	0	0
0.055000	22	0	0
0.012500	5	0	0
0.120000	48	0	0
0.000000	0	0	0
0.040000	16	0	0
0.265000	106	0	0
0.025000	10	0	0
0.092500	37	0	0
0.000000	0	0	0
0.002500	1	0	0
0.290000	116	0	0
0.002500	1	0	0
0.040000	16	0	0
0.022500	9	0	0
0.032500	13	0	0
0.002500	1	0	0
0.165000	66	0	0
0.135000	54	0	0
0.000000	0	0	0
0.010000	4	0	0
0.280000	112	0	0
0.000000	0	0	0
0.172500	67	2	0
0.025000	10	0	0
0.000000	0	0	0
0.032500	13	0	0
0.005000	2	0	0
0.205000	82	0	0
0.190000	76	0	0
0.377500	151	0	0
0.000000	0	0	0
0.010000	4	0	0
0.000000	0	0	0
0.015000	6	0	0
0.005000	2	0	0
0.305000	122	0	0
0.125000	50	0	0
0.022500	9	0	0
0.000000	0	0	0
0.027500	11	0	0
0.367500	147	0	0
0.015000	6	0	0
0.012500	5	0	0
0.000000	0	0	0
0.140000	56	0	0
0.425000	170	0	0
0.005000	2	0	0
0.002500	1	0	0
0.047500	19	0	0
0.000000	0	0	0
0.285000	114	0	0
0.000000	0	0	0
0.002500	1	0	0
0.020000	8	0	0
0.000000	0	0	0
0.330000	132	0	0
0.077500	31	0	0
0.000000	0	0	0
0.017500	7	0	0
0.030000	12	0	0
0.300000	120	0	0
0.007500	3	0	0
0.110000	44	0	0
0.040000	16	0	0
0.117500	47	0	0
0.040000	16	0	0
0.432500	173	0	0
0.047500	19	0	0
0.002500	1	0	0
0.232500	93	0	0
0.000000	0	0	0
0.005000	2	0	0
0.062500	25	0	0
0.065000	26	0	0
0.015000	6	0	0
0.222500	89	0	0
0.000000	0	0	0
0.007500	3	0	0
0.472500	189	0	0
0.007500	3	0	0
0.000000	0	0	0
0.025000	10	0	0
0.005000	2	0	0
0.000000	0	0	0
0.012500	5	0	0
0.015000	6	0	0
0.000000	0	0	0
0.000000	0	0	0
0.037500	15	0	0
0.005000	2	0	0
0.002500	1	0	0
0.005000	2	0	0
0.052500	21	0	0
0.000000	0	0	0
0.000000	0	0	0
0.590000	86	150	0
0.037500	15	0	0
0.015000	6	0	0
0.002500	1	0	0
0.000000	0	0	0
0.007500	3	0	0
0.000000	0	0	0
0.007500	3	0	0
0.342500	137	0	0
0.012500	5	0	0
0.067500	27	0	0
0.000000	0	0	0
0.140000	56	0	0
0.000000	0	0	0
0.025000	10	0	0
0.052500	21	0	0
0.005000	2	0	0
0.000000	0	0	0
0.110000	44	0	0
0.460000	184	0	0
0.025000	10	0	0
0.505000	202	0	0
0.172500	69	0	0
0.602500	241	0	0
0.065000	26	0	0
0.182500	73	0	0
0.002500	1	0	0
0.210000	84	0	0
0.007500	3	0	0
0.032500	13	0	0
0.007500	3	0	0
0.247500	99	0	0
0.345000	138	0	0
0.000000	0	0	0
0.010000	4	0	0
0.000000	0	0	0
0.327500	131	0	0
0.032500	13	0	0
0.012500	5	0	0
0.000000	0	0	0
0.395000	158	0	0
0.015000	6	0	0
0.012500	5	0	0
0.005000	2	0	0
0.000000	0	0	0
0.207500	83	0	0
0.022500	9	0	0
0.047500	19	0	0
0.327500	131	0	0
0.000000	0	0	0
0.010000	4	0	0
0.040000	16	0	0
0.005000	2	0	0
0.000000	0	0	0
0.000000	0	0	0
0.005000	2	0	0
0.005000	2	0	0
0.015000	6	0	0
0.032500	13	0	0
0.265000	106	0	0
0.065000	26	0	0
0.005000	2	0	0
0.080000	32	0	0
0.005000	2	0	0
0.002500	1	0	0
0.000000	0	0	0
0.100000	40	0	0
0.137500	55	0	0
0.257500	103	0	0
0.157500	63	0	0
0.252500	101	0	0
0.320000	128	0	0
0.002500	1	0	0
0.392500	157	0	0
0.037500	15	0	0
0.000000	0	0	0
0.050000	20	0	0
0.042500	17	0	0
0.010000	4	0	0
0.050000	20	0	0
0.387500	155	0	0
0.005000	2	0	0
0.000000	0	0	0
0.000000	0	0	0
0.007500	3	0	0
0.012500	5	0	0
0.285000	114	0	0
0.095000	38	0	0
0.005000	2	0	0
0.037500	15	0	0
0.005000	2	0	0
0.000000	0	0	0
0.000000	0	0	0
0.422500	169	0	0
0.005000	2	0	0
0.022500	9	0	0
0.012500	5	0	0
0.002500	1	0	0
0.322500	129	0	0
0.000000	0	0	0
0.010000	4	0	0
0.155000	62	0	0
0.050000	20	0	0
0.000000	0	0	0
0.000000	0	0	0
0.002500	1	0	0
0.000000	0	0	0
0.117500	47	0	0
0.002500	1	0	0
0.240000	96	0	0
0.027500	11	0	0
0.315000	126	0	0
0.042500	17	0	0
0.390000	156	0	0
0.500000	200	0	0
0.005000	2	0	0
0.035000	14	0	0
0.100000	40	0	0
0.130000	52	0	0
0.467500	187	0	0
0.020000	8	0	0
0.057500	23	0	0
0.005000	2	0	0
0.025000	10	0	0
0.550000	220	0	0
0.000000	0	0	0
0.002500	1	0	0
0.055000	22	0	0
0.582500	233	0	0
0.015000	6	0	0
0.455000	182	0	0
0.002500	1	0	0
0.097500	39	0	0
0.007500	3	0	0
0.000000	0	0	0
0.020000	8	0	0
0.010000	4	0	0
0.010000	4	0	0
0.000000	0	0	0
0.507500	203	0	0
0.390000	156	0	0
0.250000	100	0	0
0.232500	93	0	0
0.005000	2	0	0
0.082500	33	0	0
0.810000	73	251	0
0.000000	0	0	0
0.000000	0	0	0
0.120000	48	0	0
0.045000	17	1	0
0.005000	2	0	0
0.102500	41	0	0
0.012500	5	0	0
0.080000	32	0	0
0.005000	2	0	0
0.177500	71	0	0
0.125000	50	0	0
0.007500	3	0	0
0.005000	2	0	0
0.002500	1	0	0
0.037500	15	0	0
0.017500	7	0	0
0.010000	4	0	0
0.000000	0	0	0
0.000000	0	0	0
0.000000	0	0	0
0.000000	0	0	0
0.420000	167	1	0
0.075000	30	0	0
0.342500	137	0	0
0.997500	51	0	348
0.000000	0	0	0
0.002500	1	0	0
0.000000	0	0	0
0.025000	10	0	0
0.005000	2	0	0
0.035000	14	0	0
0.000000	0	0	0
0.027500	11	0	0
0.012500	5	0	0
0.002500	1	0	0
0.030000	12	0	0
0.092500	37	0	0
0.000000	0	0	0
0.102500	41	0	0
0.000000	0	0	0
0.107500	43	0	0
0.002500	1	0	0
0.000000	0	0	0
0.000000	0	0	0
0.002500	1	0	0
0.402500	161	0	0
0.175000	70	0	0
0.040000	16	0	0
0.007500	3	0	0
0.530000	212	0	0
0.007500	3	0	0
0.000000	0	0	0
0.010000	4	0	0
0.680000	102	170	0
0.000000	0	0	0
0.320000	128	0	0
0.015000	6	0	0
0.005000	2	0	0
0.120000	48	0	0
0.002500	1	0	0
0.050000	20	0	0
0.022500	9	0	0
0.335000	134	0	0
0.205000	82	0	0
0.017500	7	0	0
0.105000	42	0	0
0.295000	118	0	0
0.010000	4	0	0
0.047500	19	0	0
0.002500	1	0	0
0.000000	0	0	0
0.340000	136	0	0
0.115000	46	0	0
0.057500	23	0	0
0.200000	80	0	0
0.005000	2	0	0
0.000000	0	0	0
0.000000	0	0	0
0.052500	21	0	0
0.025000	10	0	0
0.800000	95	225	0
0.035000	14	0	0
0.007500	3	0	0
0.555000	222	0	0
0.007500	3	0	0
0.355000	142	0	0
0.012500	5	0	0
0.000000	0	0	0
0.057500	23	0	0
0.055000	22	0	0
0.000000	0	0	0
0.000000	0	0	0
0.752500	83	218	0
0.007500	3	0	0
0.337500	135	0	0
0.055000	22	0	0
0.217500	87	0	0
0.030000	12	0	0
0.017500	7	0	0
0.207500	83	0	0
0.007500	3	0	0
0.047500	19	0	0
0.085000	34	0	0
0.000000	0	0	0
0.102500	41	0	0
0.022500	9	0	0
0.057500	23	0	0
0.000000	0	0	0
0.010000	4	0	0
0.010000	4	0	0
0.007500	3	0	0
0.007500	3	0	0
0.007500	3	0	0
0.200000	80	0	0
0.007500	3	0	0
0.000000	0	0	0
0.097500	39	0	0
0.335000	134	0	0
0.560000	224	0	0
0.087500	35	0	0
0.125000	50	0	0
0.005000	2	0	0
0.000000	0	0	0
0.445000	178	0	0
0.282500	113	0	0
0.432500	173	0	0
0.000000	0	0	0
0.542500	217	0	0
0.027500	11	0	0
0.000000	0	0	0
0.032500	13	0	0
0.002500	1	0	0
0.610000	116	128	0
0.162500	65	0	0
0.192500	77	0	0
0.072500	29	0	0
0.420000	168	0	0
0.245000	98	0	0
0.092500	37	0	0
0.007500	3	0	0
0.000000	0	0	0
0.097500	39	0	0
0.165000	66	0	0
0.152500	61	0	0
0.295000	118	0	0
0.005000	2	0	0
0.000000	0	0	0
0.000000	0	0	0
0.275000	110	0	0
0.000000	0	0	0
0.332500	133	0	0
0.000000	0	0	0
0.087500	35	0	0
0.280000	112	0	0
0.092500	37	0	0
0.312500	125	0	0
0.542500	217	0	0
0.257500	103	0	0
0.005000	2	0	0
0.162500	65	0	0
0.185000	74	0	0
0.015000	6	0	0
0.012500	5	0	0
0.010000	4	0	0
0.010000	4	0	0
0.002500	1	0	0
0.415000	166	0	0
0.000000	0	0	0
0.017500	7	0	0
0.405000	162	0	0
0.017500	7	0	0
0.005000	2	0	0
0.000000	0	0	0
0.002500	1	0	0
0.002500	1	0	0
0.505000	189	13	0
0.177500	71	0	0
0.010000	4	0	0
0.007500	3	0	0
0.007500	3	0	0
0.302500	118	3	0
0.075000	30	0	0
0.060000	24	0	0
0.000000	0	0	0
0.020000	8	0	0
0.137500	55	0	0
0.505000	202	0	0
0.165000	66	0	0
0.517500	207	0	0
0.225000	90	0	0
0.325000	130	0	0
0.000000	0	0	0
0.455000	182	0	0
0.182500	73	0	0
0.452500	181	0	0
0.035000	14	0	0
0.287500	115	0	0
0.000000	0	0	0
0.060000	24	0	0
0.000000	0	0	0
0.780000	7	305	0
0.055000	22	0	0
0.032500	13	0	0
0.032500	13	0	0
0.032500	13	0	0
0.000000	0	0	0
0.085000	34	0	0
0.502500	201	0	0
0.347500	139	0	0
0.427500	171	0	0
0.005000	2	0	0
0.152500	61	0	0
0.000000	0	0	0
0.002500	1	0	0
0.002500	1	0	0
0.000000	0	0	0
0.042500	17	0	0
0.010000	4	0	0
0.000000	0	0	0
0.037500	15	0	0
0.150000	60	0	0
0.407500	163	0	0
0.157500	63	0	0
0.012500	5	0	0
0.127500	51	0	0
0.200000	80	0	0
0.000000	0	0	0
0.290000	116	0	0
0.372500	149	0	0
0.312500	125	0	0
0.412500	165	0	0
0.055000	22	0	0
0.012500	5	0	0
0.005000	2	0	0
0.050000	20	0	0
0.042500	17	0	0
0.240000	96	0	0
0.025000	10	0	0
0.325000	130	0	0
0.022500	9	0	0
0.000000	0	0	0
0.997500	16	0	383
0.025000	10	0	0
0.002500	1	0	0
0.002500	1	0	0
0.007500	3	0	0
0.015000	6	0	0
0.000000	0	0	0
0.622500	249	0	0
0.410000	164	0	0
0.187500	75	0	0
0.010000	4	0	0
0.412500	165	0	0
0.002500	1	0	0
0.127500	51	0	0
0.262500	105	0	0
0.002500	1	0	0
0.445000	178	0	0
0.045000	18	0	0
0.172500	69	0	0
0.002500	1	0	0
0.530000	212	0	0
0.340000	136	0	0
0.050000	20	0	0
0.005000	2	0	0
0.000000	0	0	0
0.000000	0	0	0
0.552500	221	0	0
0.475000	190	0	0
0.002500	1	0	0
0.300000	120	0	0
0.427500	171	0	0
0.027500	11	0	0
0.000000	0	0	0
0.465000	186	0	0
0.000000	0	0	0
0.000000	0	0	0
0.002500	1	0	0
0.007500	3	0	0
0.100000	40	0	0
0.527500	211	0	0
0.002500	1	0	0
0.460000	184	0	0
0.530000	212	0	0
0.430000	172	0	0
0.472500	189	0	0
0.132500	53	0	0
0.000000	0	0	0
0.210000	84	0	0
0.597500	238	1	0
0.027500	11	0	0
0.000000	0	0	0
0.025000	10	0	0
0.560000	224	0	0
0.002500	1	0	0
0.220000	88	0	0
0.030000	12	0	0
0.000000	0	0	0
0.242500	97	0	0
0.047500	19	0	0
0.000000	0	0	0
0.297500	119	0	0
0.987500	144	0	251
0.185000	74	0	0
0.000000	0	0	0
0.005000	2	0	0
0.060000	24	0	0
0.060000	24	0	0
0.000000	0	0	0
0.000000	0	0	0
0.382500	153	0	0
0.007500	3	0	0
0.320000	128	0	0
0.125000	50	0	0
0.635000	81	173	0
0.002500	1	0	0
0.997500	41	0	358
0.402500	161	0	0
0.012500	5	0	0
0.572500	229	0	0
0.092500	37	0	0
